0TextId year verbs innerVerbs voir:perception regarder:perception sentir:perception apercevoir:perception vouloir:volition oser:volition compter:volition essayer:volition savoir:cognition trouver:cognition croire:cognition entendre:cognition attendre:cognition connaître:cognition devoir:moral falloir:moral espérer:moral valoir:moral refuser:moral accepter:moral engager:moral aimer:affect manquer:affect souffrir:affect craindre:affect
FRA00901_Daudet 1867 1303 174 172 9 4 6 21 8 1 2 25 3 12 13 3 3 7 20 4 0 0 0 0 5 1 0 0
FRA01902_Gaboriau 1869 4024 465 466 8 15 10 47 32 7 10 55 26 35 21 22 36 51 26 12 6 5 0 3 1 5 1 6
FRA00501_Balzac 1853 462 53 48 3 1 0 5 6 1 1 9 5 2 3 1 2 5 2 1 2 0 1 0 2 2 0 0
FRA03302_Rattazzi 1865 803 78 79 4 3 1 11 7 0 0 5 5 3 6 3 1 8 7 0 0 1 0 0 5 1 1 0
FRA07001_Mendes 1892 339 22 28 0 1 0 4 2 0 2 2 4 0 0 1 0 1 0 0 1 0 0 0 0 1 0 1
FRA00602_Boisgobey 1886 1645 227 209 4 5 6 26 12 6 4 22 18 14 13 7 14 12 13 7 7 5 4 8 8 3 0 4
FRA01402_Fleuriot 1874 615 93 64 3 4 2 12 2 1 0 8 4 5 10 1 4 5 10 6 1 2 0 1 2 0 0 0
FRA03201_Blandy 1887 1115 128 116 1 5 3 23 8 1 1 19 14 4 3 5 4 6 10 1 5 1 1 0 1 1 0 1
FRA02602_Malot 1878 1992 303 235 26 10 8 40 18 4 0 23 31 16 16 8 6 27 27 1 0 3 1 4 5 3 4 3
FRA02701_Maupassant 1885 1658 190 157 22 18 9 18 15 0 2 18 21 4 7 6 14 7 12 3 4 0 0 0 3 0 1 2
FRA00101_Adam 1860 346 37 24 3 1 0 2 0 2 0 4 4 1 2 2 0 2 5 0 1 0 0 1 2 0 0 0
FRA00502_Balzac 1852 1209 148 115 4 9 2 12 9 3 3 16 21 6 6 2 16 18 5 1 5 2 4 0 3 1 1 0
FRA00401_Allais 1902 421 57 43 1 0 0 10 5 0 2 6 3 3 2 2 6 3 5 0 1 0 0 5 0 0 0 0
FRA05401_Kock 1849 1595 241 200 14 6 4 48 12 0 1 18 16 18 10 8 19 6 26 8 2 0 3 0 11 2 0 2
FRA00701_Carraud 1852 875 103 118 4 2 1 20 10 0 0 9 12 2 1 3 0 5 11 1 0 0 1 0 3 1 2 1
FRA06801_Vaillant 1861 1009 130 139 3 5 2 17 8 4 0 15 4 13 8 1 7 10 11 2 1 1 0 0 10 1 1 3
FRA02303_Greville 1878 696 90 75 4 1 3 13 4 0 0 11 11 3 2 7 1 6 6 1 3 1 0 0 5 1 5 0
FRA02201_Gouraud 1888 734 107 118 0 3 0 6 5 1 3 17 8 7 3 5 2 4 11 4 1 1 0 2 5 2 2 1
FRA06301_Montepin 1884 2507 324 231 10 8 5 40 9 2 2 34 32 15 16 18 11 22 37 5 1 8 5 3 9 4 3 2
FRA00601_Boisgobey 1881 1434 178 205 3 4 11 12 15 4 1 17 8 9 4 10 13 19 15 5 3 2 5 0 0 7 2 2
FRA04501_Barres 1908 392 46 33 3 4 0 5 2 1 0 0 2 6 0 0 3 2 4 0 1 1 0 0 2 0 0 0
FRA03701_Sand 1872 1695 271 294 8 7 1 27 3 2 1 51 19 16 12 5 15 20 18 1 3 4 0 1 12 2 3 2
FRA04701_Bourget 1919 520 40 44 3 2 0 3 4 0 0 5 6 2 2 0 3 1 0 1 1 0 1 0 3 0 1 1
FRA03401_Reybaud 1855 473 53 58 5 2 6 1 3 0 1 6 6 2 4 4 1 3 0 0 0 0 0 0 0 4 0 0
FRA02401_LeRouge 1904 250 15 13 0 0 0 0 0 1 0 0 4 2 1 1 1 3 0 0 0 1 0 0 0 0 0 0
FRA07201_Montagne 1886 1296 168 124 3 14 5 20 11 5 8 12 23 8 3 11 7 13 4 3 1 4 3 1 9 2 0 2
FRA04801_Corday 1909 515 81 64 0 5 1 21 3 0 1 11 3 1 3 3 3 5 4 1 4 0 0 0 5 0 1 0
FRA01401_Fleuriot 1877 563 56 52 6 1 1 11 5 1 0 5 4 5 1 3 1 1 4 0 1 0 0 0 0 0 1 1
FRA01202_Feval 1857 1433 147 171 4 2 1 26 4 0 3 13 11 8 13 5 7 9 13 0 7 0 0 0 2 0 0 0
FRA03001_Ohnet 1885 1670 150 151 5 7 3 15 13 1 0 19 14 5 11 3 9 11 7 2 4 3 0 3 1 0 2 3
FRA02603_Malot 1888 1632 225 212 8 5 2 35 15 6 2 22 18 19 8 10 14 25 12 2 4 5 2 2 3 3 4 0
FRA02702_Maupassant 1883 1037 93 46 12 17 9 12 13 2 1 5 4 2 8 1 5 1 1 1 0 1 0 1 7 0 0 1
FRA01302_Flaubert 1857 1780 178 167 8 6 11 10 10 3 2 16 18 3 12 5 3 10 12 1 3 1 2 1 12 3 2 0
FRA00102_Adam 1883 437 68 44 4 4 0 4 6 0 2 9 3 2 1 1 3 4 5 0 1 2 0 0 11 1 0 0
FRA00801_Dash 1843 656 89 72 3 3 2 11 3 1 1 9 6 4 1 6 8 6 8 2 0 0 1 0 3 1 1 0
FRA03601_Proust 1913 2595 343 381 8 17 7 28 20 0 6 31 41 29 22 9 30 34 14 4 0 6 0 4 12 3 5 0
FRA05702_Maquet 1857 2591 309 253 22 19 4 27 16 4 3 21 20 17 19 15 9 11 14 3 3 1 0 2 2 6 5 4
FRA05501_Lermina 1910 623 68 65 0 2 2 4 8 0 1 10 9 3 2 3 10 8 4 0 0 0 5 1 0 2 0 0
FRA01403_Fleuriot 1881 891 116 103 5 3 3 10 7 1 0 12 7 0 9 6 21 5 6 0 2 0 1 2 3 2 0 3
FRA01801_Gay 1844 2814 394 324 7 19 13 38 29 0 1 50 21 26 26 6 22 33 27 4 8 4 5 8 14 3 8 6
FRA07601_Leroux 1913 3058 362 350 25 4 13 44 17 3 6 44 17 12 35 27 33 25 21 3 1 1 0 1 3 3 1 1
FRA01301_Flaubert 1869 2166 206 165 10 7 11 15 25 3 1 18 17 10 9 12 17 14 9 3 3 3 2 5 8 4 1 2
FRA07501_Darien 1897 2049 312 333 4 9 8 37 10 1 1 64 7 15 15 6 20 26 37 8 2 2 2 2 6 0 1 2
FRA07301_Valgand 1853 699 91 88 3 5 1 13 5 1 3 5 5 6 2 3 5 7 7 2 5 1 2 0 5 1 2 2
FRA01701_GautierT 1847 478 47 54 2 1 4 4 3 1 2 2 6 1 0 1 1 11 5 0 0 0 0 0 0 2 1 0
FRA00302_Aimard 1894 1947 193 140 9 6 4 18 19 1 4 18 27 19 7 14 13 7 9 3 4 0 1 0 1 5 2 6
FRA05201_Feuillet 1856 398 39 46 0 1 1 3 2 0 1 6 3 2 1 1 2 7 2 2 0 0 1 0 1 1 0 0
FRA03003_Ohnet 1894 647 52 62 2 3 0 2 2 3 2 6 6 2 1 2 2 4 10 2 1 0 0 0 2 1 0 0
FRA02203_Gouraud 1876 633 95 88 1 1 2 7 7 1 2 9 5 9 3 4 5 2 8 1 1 2 2 0 2 4 3 1
FRA03903_Stolz 1878 664 73 68 4 7 0 5 10 1 0 8 8 5 4 1 1 3 3 0 0 0 2 1 8 1 1 2
FRA04002_Verne 1898 672 80 76 0 2 3 9 9 4 0 10 4 6 3 4 7 9 6 0 3 1 0 1 0 2 0 0
FRA02302_Greville 1878 789 95 85 5 4 1 14 12 0 0 5 5 4 4 4 8 6 14 0 1 0 0 0 5 2 1 0
FRA02202_Gouraud 1867 662 85 73 4 5 2 10 4 2 2 9 6 5 5 1 5 3 6 1 1 1 1 2 0 1 0 0
FRA02601_Malot 1869 1016 125 143 2 3 5 11 4 1 3 14 11 5 8 6 5 9 15 1 0 1 0 0 1 1 1 2
FRA01201_Feval 1868 1981 195 258 11 6 3 18 4 2 2 30 16 14 5 11 17 12 8 3 2 0 1 4 5 1 1 1
FRA01501_France 1912 924 98 85 4 4 2 6 10 0 0 7 12 4 3 4 3 6 11 4 1 0 0 1 9 1 3 4
FRA05602_Lesueur 1904 2864 396 338 16 13 9 35 22 7 8 44 33 30 20 11 21 33 17 11 1 4 1 2 10 8 4 12
FRA01102_Dombre 1889 325 29 30 0 0 0 2 3 0 0 3 8 2 3 1 2 0 1 0 0 0 0 0 2 2 1 0
FRA07401_Leblanc 1910 1642 178 173 7 2 5 21 13 2 2 23 20 4 13 7 11 9 6 2 5 2 2 2 2 1 0 1
FRA07101_Blondel 1856 580 77 65 1 2 1 14 5 2 2 7 9 4 4 0 2 4 8 1 0 1 3 0 2 0 1 2
FRA05101_Eekhoud 1904 594 48 36 0 1 0 4 1 1 0 4 4 3 2 3 2 3 0 0 4 0 0 0 2 1 0 1
FRA04401_Barbusse 1916 1711 188 194 6 4 3 11 3 4 2 22 9 7 15 15 8 6 30 1 5 0 0 1 1 0 0 1
FRA06401_Chandeneux 1876 2193 264 239 13 7 7 27 16 2 4 31 16 20 16 8 11 12 21 2 0 1 4 2 7 4 2 3
FRA03002_Ohnet 1890 835 111 76 5 5 3 14 4 0 3 15 6 16 2 5 2 1 6 1 0 1 0 1 9 0 4 0
FRA04202_Rolland 1912 9507 1233 1039 90 75 34 147 76 6 21 122 78 54 99 42 65 54 59 5 12 7 8 3 51 28 27 14
FRA06901_Vignon 1879 1281 179 198 5 12 0 20 8 7 2 14 16 5 7 1 7 15 18 2 4 0 3 0 6 0 1 2
FRA03702_Sand 1867 1386 231 214 9 1 0 19 5 3 2 36 18 10 10 5 11 23 23 1 9 1 5 1 7 2 2 4
FRA00301_Aimard 1858 1251 97 103 5 1 4 9 14 3 1 12 7 3 1 8 6 11 2 0 0 0 1 0 1 4 0 2
FRA03101_Ponson 1852 989 122 103 2 4 3 24 5 1 2 12 10 6 7 7 4 7 4 3 0 4 1 1 5 1 0 3
FRA06201_Viel-Castel 1845 624 78 57 0 2 3 9 11 0 0 6 7 3 8 5 7 6 4 2 0 1 0 0 1 3 0 2
FRA01303_Flaubert 1862 1516 140 104 16 8 20 12 8 1 2 11 7 9 13 1 8 5 2 2 1 1 1 2 0 1 2 1
FRA03802_Stern 1846 988 107 99 4 6 6 6 11 1 1 10 12 8 4 3 7 7 5 2 0 0 0 0 1 0 4 1
FRA02501_Loti 1883 911 98 92 8 10 0 5 5 1 4 8 7 1 12 10 14 5 4 0 0 0 0 1 4 1 1 1
FRA06501_Gyp 1897 649 111 102 5 2 3 11 3 0 0 19 6 10 0 2 7 6 5 1 0 0 2 0 14 1 1 1
FRA01601_GautierJ 1887 1578 151 117 8 1 5 26 16 0 1 16 3 18 12 3 12 8 7 0 0 0 0 1 6 0 0 2
FRA04102_Erckmann 1863 840 101 92 15 1 0 8 6 0 1 3 2 7 5 0 3 10 7 1 1 0 0 0 3 1 0 1
FRA06001_Rebell 1902 788 94 71 3 2 1 6 2 1 4 5 7 6 6 3 10 6 7 0 1 0 1 0 3 1 2 1
FRA06701_Uchard 1882 872 104 105 4 8 3 9 9 2 3 10 5 3 5 0 9 9 10 0 4 1 2 0 0 2 0 1
FRA01101_Dombre 1890 738 99 88 4 0 2 14 4 3 0 19 1 7 3 3 2 4 10 0 0 2 0 0 13 0 0 0
FRA05301_Galopin 1906 780 85 86 3 5 5 8 5 0 1 7 9 4 8 0 7 4 4 1 0 0 1 0 0 2 0 2
FRA01203_Feval 1845 1059 107 114 4 5 5 9 6 4 0 9 8 11 7 5 5 6 10 3 0 2 1 1 4 0 0 1
FRA05801_Mille 1912 764 100 103 3 6 2 12 3 0 1 20 2 4 6 5 7 3 12 0 1 0 0 1 1 2 0 0
FRA04601_Bazin 1907 1195 140 115 5 7 6 17 5 0 0 10 13 3 11 5 18 11 5 1 2 3 1 3 1 1 2 1
FRA01002_DelarueMardrus 1919 490 57 86 1 6 0 1 3 0 1 15 2 4 0 1 1 5 5 0 0 0 0 0 2 0 2 0
FRA05901_Moselly 1907 1069 69 64 7 5 2 3 7 3 0 9 7 0 8 1 5 2 4 0 1 0 0 0 5 0 1 1
FRA01603_GautierJ 1900 407 37 40 2 2 0 3 3 0 0 1 2 5 5 0 3 4 0 0 1 0 0 0 1 0 0 0
FRA02301_Greville 1888 928 136 112 6 6 4 30 5 0 1 20 5 6 2 3 8 5 6 1 1 1 0 0 20 2 1 0
FRA02101_Girardin 1854 1099 165 163 15 2 4 21 6 2 1 26 5 11 6 4 14 7 13 0 0 0 0 1 7 0 2 4
FRA01602_GautierJ 1893 782 64 60 6 2 1 9 5 0 0 3 1 6 6 2 3 2 3 1 0 0 0 0 1 0 2 0
FRA02901_Noailles 1903 765 86 75 10 9 1 9 8 0 1 7 9 5 4 1 6 3 3 0 0 0 0 0 8 0 1 0
FRA06601_Peladan 1902 1004 132 123 4 4 1 11 2 0 0 14 7 11 3 2 5 11 4 0 0 2 1 0 17 1 9 4
FRA00503_Balzac 1854 1143 110 124 8 2 1 7 14 4 1 7 11 6 5 2 6 18 2 0 1 1 0 0 1 3 0 1
FRA00201_Audoux 1925 615 65 53 13 4 1 7 4 0 1 3 9 2 10 1 0 0 1 0 0 0 0 0 3 2 1 0
FRA02001_Gilbert 1912 283 30 26 0 1 0 4 5 0 0 1 2 1 4 0 1 3 6 0 0 0 2 3 0 0 0 0
FRA02802_Mirbeau 1883 726 84 80 0 0 4 9 5 4 2 16 4 6 4 1 9 6 2 0 1 1 1 0 1 0 0 1
FRA04301_Achard 1847 2691 299 303 19 19 5 34 15 4 0 29 12 17 20 13 17 16 25 3 7 1 0 2 15 3 3 4
FRA06101_Sandeau 1848 818 96 100 3 6 2 8 5 1 1 9 10 7 3 3 5 8 3 2 1 1 0 1 2 3 4 1
FRA03704_Sand 1840 1920 278 286 11 15 2 30 19 3 1 35 19 19 9 4 13 11 23 2 2 3 2 1 18 2 4 2
FRA04001_Verne 1878 1609 220 179 8 4 4 9 8 5 4 19 26 9 6 7 18 29 21 8 7 1 2 6 6 6 3 3
FRA04901_Dumas 1845 3096 426 320 22 3 5 58 16 6 5 49 26 29 24 29 30 22 17 10 2 1 2 2 22 3 0 7
