0textId year verbs innerVerbs voir:perception regarder:perception sentir:perception apercevoir:perception vouloir:volition oser:volition compter:volition essayer:volition savoir:cognition trouver:cognition croire:cognition entendre:cognition attendre:cognition connaître:cognition devoir:moral falloir:moral espérer:moral valoir:moral refuser:moral accepter:moral engager:moral aimer:affect manquer:affect souffrir:affect craindre:affect 
FRA00101 1860 3889 456 83 18 7 3 29 7 8 2 52 47 28 22 11 9 27 57 1 6 2 2 5 17 9 1 3 
FRA00102 1883 5499 665 77 17 54 4 67 8 3 17 55 30 38 16 19 21 38 30 4 8 4 4 1 112 5 23 10 
FRA00201 1910 7577 862 128 96 34 24 91 16 12 14 63 93 41 75 30 20 27 33 8 0 6 0 2 26 12 5 6 
FRA00301 1858 16808 1348 143 46 30 46 170 14 29 8 153 122 69 62 79 52 102 51 27 10 9 19 7 35 20 20 25 
FRA00302 1894 25832 2436 269 79 69 53 234 24 43 40 262 212 134 105 160 120 160 106 44 36 30 34 22 101 37 24 38 
FRA00401 1902 5818 529 76 7 8 13 45 10 12 4 69 47 43 28 13 44 40 25 0 4 2 3 9 15 8 0 4 
FRA00501 1853 7013 858 121 35 22 20 119 4 17 3 107 67 37 31 26 27 62 25 9 9 7 7 4 72 12 11 4 
FRA00502 1851 18918 2116 336 95 49 33 257 9 37 22 194 199 100 87 45 115 167 108 14 50 20 26 12 94 22 15 10 
FRA00503 1854 15418 1545 257 84 27 49 156 18 26 16 146 155 58 68 49 47 187 40 15 13 17 6 4 49 29 16 13 
FRA00601 1881 19582 2144 304 61 16 46 232 30 36 18 303 109 140 80 87 145 135 128 46 23 24 19 6 72 51 8 25 
FRA00602 1886 21013 2279 242 57 35 53 215 28 65 36 245 181 152 113 124 117 144 109 61 49 30 22 45 55 50 19 32 
FRA00701 1852 10877 1386 238 31 21 8 278 13 25 4 120 114 55 54 16 19 30 154 5 22 16 6 4 79 35 26 13 
FRA00801 1843 8715 1115 134 46 15 37 125 24 7 15 92 75 68 48 46 29 60 72 18 2 29 8 17 88 13 17 30 
FRA00901 1868 14870 1812 303 130 68 43 215 28 16 24 170 112 104 131 57 51 62 115 8 13 9 11 11 90 21 15 5 
FRA01002 1919 6261 632 96 57 47 15 55 10 4 16 88 32 22 26 20 19 32 41 3 3 0 2 0 36 2 6 0 
FRA01101 1890 9315 1112 145 49 44 20 120 14 9 8 141 67 78 44 26 33 63 59 9 5 10 9 1 105 14 29 10 
FRA01102 1889 4568 450 59 24 15 10 43 8 7 3 40 40 24 15 14 13 30 35 3 1 1 1 0 37 6 18 3 
FRA01201 1868 25167 2198 330 151 33 21 246 10 29 39 261 129 111 127 86 96 120 160 19 30 11 12 22 105 29 8 13 
FRA01202 1857 18700 1663 254 53 38 24 202 11 28 32 210 104 79 152 55 58 101 105 10 30 9 9 19 41 19 12 8 
FRA01203 1845 14089 1324 158 49 42 53 145 8 19 13 154 89 96 70 53 42 82 96 19 12 17 9 12 39 11 17 19 
FRA01301 1869 25514 2373 305 106 92 120 266 21 23 11 188 197 143 103 97 108 158 110 16 36 33 24 22 99 53 23 19 
FRA01302 1857 20331 1959 250 136 101 100 172 20 23 26 162 154 95 130 62 64 86 146 12 22 16 11 17 89 35 21 9 
FRA01303 1862 17198 1315 149 87 69 140 137 16 10 8 75 111 75 83 53 31 58 73 12 9 17 14 18 16 27 15 12 
FRA01401 1877 6653 621 96 43 18 11 111 9 4 5 64 44 17 28 39 10 15 39 3 4 5 5 0 18 20 7 6 
FRA01402 1874 7638 702 148 38 17 20 68 5 4 12 57 52 32 47 18 22 23 35 21 5 5 2 6 52 5 3 5 
FRA01403 1881 12145 1405 205 59 18 20 164 13 20 10 173 76 65 73 67 79 54 87 16 10 12 23 15 87 22 18 19 
FRA01501 1912 11901 1160 171 38 59 20 96 8 9 8 96 95 80 63 38 58 53 82 13 13 14 10 11 75 6 14 30 
FRA01601 1887 21095 1882 277 136 37 59 230 31 14 19 145 59 144 125 77 43 104 105 9 15 26 13 21 130 23 21 19 
FRA01602 1893 9400 788 128 46 12 22 100 17 5 6 79 28 47 51 30 19 63 29 9 11 9 5 4 44 3 12 9 
FRA01603 1900 5251 409 75 11 3 10 62 9 2 6 44 17 25 28 10 13 27 20 3 2 6 2 3 20 4 4 3 
FRA01701 1847 6897 639 103 30 22 9 59 4 4 12 51 52 33 20 18 20 59 43 6 2 5 1 7 40 21 11 7 
FRA01801 1844 34881 4032 529 41 81 65 340 62 38 9 449 241 332 155 164 143 404 283 90 49 54 53 70 192 43 73 72 
FRA01902 1869 51157 4984 588 86 131 149 506 100 83 73 596 328 288 276 230 164 501 314 95 47 73 41 33 106 54 59 63 
FRA02001 1912 4024 381 54 13 6 13 49 5 7 6 16 28 14 25 11 12 39 28 4 2 5 4 3 27 6 3 1 
FRA02101 1854 13800 1873 205 96 51 26 222 41 14 12 169 100 104 58 53 59 90 118 17 22 16 17 17 296 10 38 22 
FRA02201 1888 8713 992 176 18 20 11 89 10 9 9 111 84 50 34 24 35 71 70 21 10 13 10 7 58 21 11 20 
FRA02202 1867 8069 910 191 32 30 21 97 9 12 8 63 69 47 51 24 29 61 53 12 5 8 14 15 29 17 3 10 
FRA02203 1876 8320 894 149 13 17 7 84 10 9 12 70 63 50 38 37 42 57 58 15 15 12 19 7 52 25 24 9 
FRA02301 1888 11680 1417 164 78 73 27 146 13 17 11 159 86 76 29 41 46 97 59 15 11 20 12 3 178 20 20 16 
FRA02302 1878 10692 1270 134 92 84 25 125 16 8 9 116 96 65 42 30 34 90 64 10 7 25 20 7 134 8 16 13 
FRA02303 1878 9997 1139 143 61 52 22 133 20 7 12 108 93 57 48 52 32 64 67 11 15 15 9 2 62 24 17 13 
FRA02401 1904 4162 321 34 23 10 11 41 0 6 3 27 34 14 5 13 13 26 22 1 7 5 4 2 11 3 5 1 
FRA02501 1883 12168 1195 234 101 77 15 80 16 14 35 105 86 35 78 75 33 48 76 6 4 5 5 2 39 14 8 4 
FRA02601 1869 13695 1516 221 78 75 39 211 25 19 10 129 118 81 109 38 33 81 123 12 11 12 13 9 27 20 12 10 
FRA02602 1878 24246 2802 344 164 80 64 353 35 23 13 282 275 134 184 93 74 230 229 29 22 8 15 19 58 39 12 23 
FRA02603 1888 21307 2423 332 92 53 22 313 20 34 14 199 246 163 82 86 83 227 163 31 28 29 44 15 62 32 17 36 
FRA02701 1885 21029 2382 300 189 135 92 294 32 28 19 201 189 76 102 104 89 111 146 25 21 28 28 11 116 18 16 12 
FRA02702 1883 14083 1385 155 111 120 67 172 23 9 14 112 83 64 57 69 51 48 73 7 14 22 3 4 64 7 18 18 
FRA02802 1883 9767 951 148 25 30 26 104 18 15 5 144 42 51 49 40 36 42 62 2 6 4 3 1 68 20 1 9 
FRA02901 1903 9864 1133 176 98 110 13 110 8 5 19 99 59 49 40 29 44 50 31 4 3 4 3 0 135 2 35 7 
FRA03001 1885 21898 2144 342 96 62 43 239 41 26 30 194 159 94 116 74 59 149 150 33 21 15 11 29 63 19 35 44 
FRA03002 1890 10041 952 124 63 40 19 103 7 16 18 90 56 57 32 31 31 46 49 10 11 3 13 6 83 8 22 14 
FRA03003 1894 9476 913 140 32 23 7 102 6 21 15 97 72 46 31 29 45 52 75 11 15 10 15 9 20 15 6 19 
FRA03101 1852 12349 1221 167 63 51 34 173 17 8 21 78 92 92 54 42 26 35 47 12 5 15 10 11 133 12 10 13 
FRA03201 1887 14384 1327 128 32 31 32 170 23 29 5 143 130 55 83 49 43 123 76 20 29 22 19 10 26 21 10 18 
FRA03302 1865 9819 978 118 38 26 19 135 13 9 9 78 66 62 35 26 51 71 57 8 9 13 11 6 73 21 15 9 
FRA03401 1855 7176 657 87 51 10 25 48 13 7 13 66 57 33 42 41 20 44 36 7 2 5 3 5 16 13 6 7 
FRA03601 1913 32131 3774 630 98 189 99 324 41 34 34 383 338 264 187 81 294 242 104 29 26 27 12 12 226 31 47 22 
FRA03701 1872 20879 2882 393 82 69 21 375 25 60 20 376 178 180 114 63 110 170 194 32 23 31 28 33 160 31 50 64 
FRA03702 1867 17901 2560 274 57 105 24 333 29 30 28 298 112 203 59 63 68 166 201 13 19 12 46 12 287 27 50 44 
FRA03704 1840 24589 2893 398 78 112 22 331 38 29 39 328 200 222 100 72 87 148 170 35 12 26 52 22 204 44 60 64 
FRA03802 1846 12355 1363 214 46 84 41 121 40 7 23 136 110 97 64 43 39 61 57 15 6 18 16 11 54 15 25 20 
FRA03903 1878 9169 1084 161 46 44 15 121 19 7 8 106 99 43 58 24 27 59 99 7 7 5 19 3 61 20 14 12 
FRA04001 1878 21756 2026 196 65 44 47 170 11 57 25 172 161 97 98 59 65 297 176 34 37 12 18 21 18 73 13 60 
FRA04002 1898 9891 972 119 20 16 44 79 6 21 18 106 50 61 76 53 46 98 53 8 26 11 8 8 16 14 3 12 
FRA04102 1863 10439 1254 295 183 20 12 109 12 7 5 90 36 53 100 28 30 66 102 6 11 11 5 1 36 11 15 10 
FRA04202 1912 107801 12608 1389 759 694 235 1400 197 108 192 1272 812 684 642 362 555 426 654 46 110 119 96 29 1181 208 343 95 
FRA04301 1847 32868 3170 521 181 93 59 352 22 66 12 286 165 156 203 178 96 162 182 27 31 19 19 26 196 29 51 38 
FRA04401 1916 22238 1920 499 160 45 28 151 15 25 40 239 77 85 112 72 45 59 208 6 8 2 3 17 9 7 6 2 
FRA04501 1908 4826 485 107 20 26 5 57 1 5 1 35 30 32 18 15 23 28 25 2 5 4 6 1 21 9 1 8 
FRA04601 1907 15953 1522 234 85 52 41 186 12 16 23 134 60 82 85 54 68 81 84 16 11 21 15 14 82 20 35 11 
FRA04701 1919 8219 825 118 44 33 15 83 5 10 8 93 42 44 45 17 39 42 53 5 13 10 14 2 58 12 13 7 
FRA04801 1909 6305 746 81 12 47 5 92 6 3 8 88 37 41 34 36 35 47 62 6 7 4 5 1 65 15 5 4 
FRA04901 1845 41867 4294 645 234 72 88 491 54 56 84 429 264 303 255 312 103 211 171 55 30 31 24 19 207 68 28 60 
FRA05101 1904 7532 604 91 12 27 4 63 7 9 4 46 47 42 33 26 20 36 39 3 22 7 2 13 29 13 4 5 
FRA05201 1856 5485 625 78 19 19 13 53 3 2 9 75 27 64 41 20 16 68 31 9 5 10 6 2 36 7 6 6 
FRA05301 1906 9585 912 147 73 27 73 61 9 9 12 45 72 70 67 32 28 85 61 4 2 2 2 5 3 10 2 11 
FRA05401 1849 20794 2867 356 168 53 82 421 44 19 8 240 197 187 93 92 115 174 170 63 23 15 17 11 223 32 17 47 
FRA05501 1910 8512 678 83 19 24 14 42 5 6 17 85 83 26 42 24 34 63 43 3 9 10 10 14 6 8 1 7 
FRA05602 1904 35191 3519 416 143 93 65 372 54 52 43 412 230 271 156 139 144 289 106 38 38 40 51 13 185 48 54 67 
FRA05702 1857 32835 3326 575 176 101 60 297 40 44 41 404 176 189 197 198 140 154 165 37 34 40 30 10 89 50 45 34 
FRA05801 1912 9370 1079 147 48 26 25 143 9 9 7 180 49 62 54 31 43 59 89 1 11 9 8 9 40 14 3 3 
FRA05901 1907 13026 988 166 69 71 21 54 23 7 8 79 67 24 111 42 22 46 67 4 16 7 9 3 41 8 13 10 
FRA06001 1902 10417 1171 176 37 43 25 146 19 5 29 116 59 67 59 37 40 84 60 15 7 3 9 6 63 16 21 29 
FRA06101 1848 10892 1135 165 42 62 23 92 10 13 10 128 64 83 40 31 41 94 40 10 16 8 12 13 83 21 24 10 
FRA06201 1845 8686 800 91 12 19 28 99 19 9 3 62 51 45 62 39 40 55 41 11 1 2 4 8 49 10 19 21 
FRA06301 1884 29071 3289 381 89 76 52 338 18 58 20 315 335 195 136 161 182 235 222 37 10 45 55 22 200 32 47 28 
FRA06401 1876 27168 2833 342 95 99 52 322 62 35 41 325 147 186 157 105 99 210 129 45 16 32 50 16 137 44 69 18 
FRA06501 1897 9603 1287 189 100 22 44 134 13 13 4 167 62 118 58 23 33 52 61 16 8 7 11 1 120 4 16 11 
FRA06601 1902 12898 1409 172 67 43 16 155 18 9 6 115 67 110 54 35 51 90 90 16 29 23 20 6 157 12 27 21 
FRA06701 1882 10840 1141 151 51 55 22 130 34 23 24 121 63 54 33 41 41 41 94 8 11 17 33 5 34 26 12 17 
FRA06801 1861 13591 1429 176 27 20 16 193 19 17 15 191 76 83 58 55 49 112 108 16 12 13 24 9 90 19 10 21 
FRA06901 1879 16301 2058 254 53 112 13 235 23 30 22 231 140 82 66 100 74 140 165 20 23 15 33 16 160 15 21 15 
FRA07001 1892 4658 383 55 28 16 8 36 8 1 5 46 16 27 35 11 11 21 9 5 3 2 2 1 20 8 2 7 
FRA07101 1856 7760 821 106 24 3 12 123 6 7 10 59 96 41 40 15 21 63 48 15 3 13 13 3 51 13 22 14 
FRA07201 1886 14192 1503 157 25 51 32 165 11 34 64 137 159 68 67 65 69 142 82 27 9 16 12 16 47 22 11 15 
FRA07301 1853 9094 985 134 52 21 28 121 9 11 22 95 72 50 41 40 24 50 42 10 8 13 11 5 84 8 26 8 
FRA07401 1910 20841 1910 255 82 44 47 206 17 18 18 245 130 95 94 100 113 114 130 16 31 18 23 21 54 15 7 17 
FRA07501 1897 27972 3381 475 67 52 73 473 38 23 29 464 193 216 157 110 103 194 286 58 48 41 23 20 149 44 24 21 
FRA07601 1913 40461 4414 655 246 54 161 391 41 30 39 514 318 249 440 231 198 290 200 34 16 25 17 13 157 37 25 33 
Nerciat_Monrose 1792 2295 313 351 1 7 3 31 20 2 1 44 23 26 13 12 28 22 14 2 5 3 0 3 5 7 3 1
Voltaire_Candide 1759 479 56 64 4 0 0 7 4 0 0 3 3 4 4 1 5 3 7 0 1 0 1 0 3 1 1 0
Dorat_Sacrifices 1771 1120 159 149 2 6 2 16 11 0 1 20 5 23 3 3 15 11 5 3 3 0 2 0 17 0 3 7
Crebillon_Conte 1751 2203 381 347 4 15 5 42 15 5 1 22 28 65 12 12 16 25 26 3 1 4 0 3 27 4 4 17
Beaumont_Belle 1756 172 22 25 2 0 0 6 0 0 0 2 2 0 1 0 0 0 4 0 0 0 0 0 1 0 0 0
CastilhonJL_Zingha 1769 477 31 41 1 2 2 4 10 0 0 0 1 3 0 0 4 4 0 1 0 3 0 0 2 1 1 0
Bernardin_Chaumiere 1791 117 10 11 0 1 0 0 4 0 0 1 2 0 0 0 0 4 0 0 1 0 0 0 1 0 0 0
Mercier_An 1771 1015 115 135 3 4 6 6 10 1 0 8 7 9 5 1 9 14 4 1 3 1 0 0 1 2 3 3
Charriere_Ruines 1799 228 27 29 1 0 0 5 1 0 0 5 1 2 0 0 1 0 3 1 1 0 0 0 0 0 0 1
Chevrier_Colporteur 1761 631 97 77 1 0 0 16 1 3 0 7 6 7 6 2 7 7 3 1 1 0 0 1 2 2 2 1
Bellin_Nuit 1799 656 86 71 0 2 4 8 3 0 1 7 10 13 2 4 3 5 2 2 1 0 1 1 5 0 1 0
Fourqueux_Zely 1775 360 42 40 0 6 2 6 4 0 0 2 2 2 2 0 2 4 3 0 1 0 0 1 5 1 0 0
Voltaire_Bramin 1761 147 22 26 0 0 0 4 2 0 0 6 1 2 0 0 0 0 3 0 0 0 1 0 0 1 0 0
Anonym_Enfant 1800 439 51 61 0 1 5 5 6 0 0 4 3 4 0 0 3 6 2 0 2 1 0 1 1 1 1 0
Voltaire_Amabed 1769 204 26 27 0 0 0 2 2 1 0 4 1 5 1 1 1 1 4 0 0 1 0 0 0 1 0 2
Voisenon_Histoire 1751 180 27 23 1 1 2 2 0 0 1 2 3 2 0 0 4 3 2 0 0 0 0 0 3 1 0 0
Gorjy_Voyage 1791 288 44 48 0 1 3 4 0 0 0 4 2 6 5 0 2 2 3 0 0 0 3 0 0 1 1 1
Quesne_Folies 1800 668 61 49 2 4 0 10 6 2 0 5 4 5 1 1 6 4 1 1 1 2 0 0 5 0 0 1
Anonym_Histoire 1757 632 66 78 1 0 4 7 8 2 0 5 6 4 3 3 6 5 6 0 2 0 0 1 0 2 1 1
Linguet_Voyage 1755 399 41 30 1 2 2 3 1 0 1 0 9 5 1 0 2 2 2 0 1 0 0 2 1 0 0 0
Montesquieu_Arsace 1755 210 33 23 1 1 0 5 3 1 0 1 2 1 1 0 2 0 2 1 0 0 0 0 2 0 0 3
PigaultLebrun_Kinglin 1800 297 41 33 1 0 0 3 3 1 0 4 3 0 2 1 3 5 4 1 1 0 0 0 5 2 0 0
Voltaire_Taureau 1774 158 19 21 0 1 1 4 1 0 0 5 1 0 1 0 0 0 1 0 0 0 0 0 0 0 0 1
Lagrave_Zabeth 1798 1175 160 152 5 7 2 21 7 3 0 13 10 7 12 4 5 10 6 2 0 3 0 0 7 1 3 3
Voltaire_Jenni 1775 282 40 37 0 1 0 3 3 0 0 8 0 1 1 1 2 1 7 0 0 0 0 0 2 2 0 0
Diderot_Ceci 1772 218 33 32 0 0 0 4 1 1 0 9 0 2 1 1 4 2 2 0 0 0 2 0 0 0 0 1
Diderot_Religieuse 1796 1080 155 155 3 10 3 14 12 2 0 20 9 10 8 10 6 3 11 0 2 1 0 4 4 1 2 1
Cazotte_Honneur 1788 238 16 20 0 0 0 3 2 0 0 1 1 0 2 0 1 0 2 0 1 0 0 0 1 0 0 0
PigaultLebrun_Metusko 1800 255 28 21 0 2 0 1 3 2 0 4 2 0 3 1 1 3 0 0 0 1 1 0 1 0 0 1
Arnaud_Batilde 1767 225 26 29 1 2 0 1 2 0 0 3 1 0 0 0 2 7 1 0 0 0 0 0 4 0 1 1
Barthe_Femme 1769 934 135 107 2 4 1 10 6 0 1 11 5 3 16 5 5 8 24 1 4 2 0 1 12 2 0 4
Pertusier_Premiere 1800 754 118 83 2 1 6 9 0 3 0 10 13 8 5 14 10 9 8 0 3 2 1 4 0 0 1 0
Sade_Infortunes 1787 717 87 96 1 4 1 13 4 0 0 1 10 4 4 2 6 7 9 1 5 3 1 2 2 1 0 0
Voltaire_Bababec 1750 139 13 21 1 0 0 1 0 1 0 2 0 2 1 0 1 0 0 0 0 0 0 1 0 0 0 0
Arnaud_Julie 1767 225 26 23 1 1 1 1 1 0 0 1 1 1 0 0 3 3 3 1 0 0 0 0 4 0 1 1
Rousseau_Emile 1762 4229 640 622 7 39 8 77 29 4 1 66 19 35 38 7 28 77 91 5 5 5 3 1 10 8 16 10
Maistre_Voyage 1794 258 24 32 0 2 0 2 4 0 1 2 0 2 2 0 0 1 2 0 0 3 0 0 0 0 0 1
Constant_Laure 1787 4312 834 743 17 35 17 141 21 3 1 75 47 78 41 23 40 51 44 13 7 2 7 1 36 2 6 14
Sade_Aline 1795 4615 686 559 6 20 5 102 59 2 2 58 63 53 27 25 33 73 46 8 7 9 3 8 24 2 6 17
Retif_AntiJustine 1798 957 105 107 2 7 4 8 5 0 1 4 11 11 4 2 5 6 5 1 1 0 0 0 7 0 2 5
Reveroni_Pauliska 1798 968 113 86 3 5 3 4 10 4 0 3 11 7 8 9 9 11 3 1 1 2 2 2 4 0 2 0
Arnaud_Anne 1769 270 29 40 1 1 1 4 4 0 0 4 1 2 0 0 1 4 1 0 1 0 0 0 4 1 0 1
Abbes_Voyage 1758 173 20 24 0 1 1 0 0 0 0 1 3 2 0 0 1 1 1 0 1 0 0 0 0 1 0 1
Riccoboni_Histoire 1758 392 55 52 2 3 3 3 6 0 0 1 5 3 1 1 3 2 1 0 0 1 0 3 9 1 0 1
Arnaud_Sidney 1766 243 21 26 2 0 1 3 2 0 0 2 1 2 1 1 3 1 2 0 1 0 0 0 0 0 0 0
Voltaire_Princesse 1768 359 33 50 2 0 2 1 5 0 2 3 3 2 0 0 0 7 3 0 0 0 0 0 2 0 0 0
Arnaud_Bal 1751 258 39 18 2 3 2 8 2 0 0 0 5 1 2 2 4 2 1 0 1 0 0 2 2 1 0 0
Villeneuve_Temps 1768 1239 167 189 3 13 7 17 15 3 0 12 18 7 1 3 11 18 7 2 1 2 3 1 3 9 1 3
Charriere_Neuchateloises 1784 271 42 53 0 1 0 8 3 0 0 4 7 2 1 0 0 1 3 1 0 1 0 0 2 0 0 1
Arnaud_Adelson 1772 365 35 46 2 5 0 3 3 0 0 4 0 3 0 1 3 6 2 0 0 1 0 0 1 0 1 2
Laclos_Liaisons 1782 2421 417 398 11 14 5 43 21 5 0 64 24 44 11 10 23 32 31 15 4 5 1 1 2 6 4 7
Sacy_Amours 1761 187 22 15 0 2 1 1 3 0 1 0 0 0 1 0 4 2 0 1 0 0 0 0 2 0 1 0
Arnaud_Selicourt 1769 283 39 38 1 3 0 6 1 0 1 1 5 2 0 0 3 4 1 1 0 0 0 0 6 0 0 3
Diderot_Neveu 1773 404 58 63 2 2 0 2 1 1 0 10 0 3 7 2 2 2 7 1 1 0 0 0 1 2 1 0
Charriere_Observations 1788 102 28 14 1 1 0 4 0 0 1 1 0 5 5 0 2 4 0 0 0 0 0 0 0 0 0 0
Senac_Emigre 1797 1954 255 277 10 9 2 12 16 1 1 14 21 25 13 6 16 27 21 3 2 1 3 1 12 2 5 7
Cottin_Claire 1798 571 89 76 1 6 1 8 5 1 0 13 7 7 3 2 6 12 3 0 0 1 0 0 4 1 0 2
Morelly_Naufrage 1753 1422 152 132 3 14 7 11 17 1 1 12 14 12 1 2 20 7 3 3 2 1 0 2 5 3 0 7
Marmontel_Contes 1761 1996 325 270 1 18 8 53 12 3 1 22 20 23 14 6 14 20 14 4 4 0 1 1 40 3 0 7
Anonyme_Venus 1770 654 118 78 0 10 2 18 6 1 0 13 11 6 5 5 12 5 10 1 4 1 0 2 1 2 0 1
Denon_Point 1777 284 43 35 1 0 1 3 2 1 0 5 4 3 1 4 3 0 4 0 0 0 0 1 4 1 0 1
Rousseau_Reine 1758 173 23 27 0 1 0 4 2 0 0 1 3 1 1 2 2 2 2 1 0 0 0 0 3 2 0 0
Riccoboni_MissJenny 1764 1583 223 151 2 15 5 24 24 3 0 7 13 13 6 9 11 28 1 6 2 1 3 6 19 1 4 9
Loaisel_Ainsi 1788 1012 142 127 1 15 0 17 3 0 1 8 3 15 4 0 11 12 6 2 4 1 0 0 16 0 0 3
Retif_Vie 1779 778 95 105 0 2 4 8 8 0 0 8 5 6 4 3 2 6 11 0 4 1 0 2 3 1 3 3
Loaisel_Comtesse 1779 437 51 56 1 1 5 4 6 0 0 1 4 1 2 0 3 7 0 0 1 1 0 0 6 0 1 2
Mirabeau_Rideau 1786 626 78 83 1 8 6 6 6 0 0 1 10 3 3 3 4 8 1 0 0 2 0 1 3 2 0 2
Arnaud_Fanny 1764 252 30 30 1 2 0 7 4 0 0 3 1 3 0 1 1 2 2 0 0 0 0 0 0 1 0 0
Loaisel_Dolbreuse 1783 884 112 100 0 11 2 8 7 0 0 6 6 2 4 1 13 16 10 4 1 0 0 0 8 0 1 5
Leonard_Lettres 1783 1226 188 160 2 7 3 22 7 0 1 14 11 16 3 1 15 8 16 2 2 3 1 1 6 0 2 6
Riccoboni_Ernestine 1765 303 37 25 3 2 2 4 1 0 0 0 6 1 2 2 2 4 1 0 0 0 1 3 0 0 0 0
Florian_Galatee 1783 388 44 34 1 2 1 7 4 0 0 2 4 2 0 1 5 5 4 1 3 1 0 0 2 1 1 1
Morliere_Royalisme 1770 233 30 24 1 2 1 5 2 0 0 0 0 0 0 1 4 7 1 1 0 0 0 0 0 0 0 0
Fievee_Dot 1797 468 63 57 4 5 2 5 1 0 1 4 4 6 1 2 7 2 1 1 0 0 1 1 11 0 0 3
Voltaire_Scarmentado 1756 386 55 47 0 2 0 7 2 2 0 5 4 6 2 1 0 3 2 3 1 0 0 0 1 1 0 0
PigaultLebrun_Adele 1800 282 30 39 1 0 0 2 4 0 0 2 2 1 2 3 3 5 3 0 1 1 0 0 2 0 0 0
Lesuire_Crime 1789 2791 474 471 8 20 10 74 17 0 0 39 26 27 5 4 31 33 47 3 7 0 4 4 6 6 5 5
Arnaud_Lucie 1767 199 22 29 0 1 1 2 1 0 0 5 0 1 1 2 1 2 0 0 0 0 0 0 3 1 0 2
Nerciat_Felicia 1775 1509 211 220 1 13 1 19 13 2 3 13 17 13 5 3 15 19 20 2 7 1 1 3 9 6 2 3
Dulaurens_Compere 1766 1892 206 232 3 6 5 22 14 1 1 25 32 10 11 8 16 12 8 4 1 1 2 0 6 2 1 2
Segur_Correspondance 1789 585 104 97 0 7 1 10 3 1 0 10 7 18 1 0 6 5 10 3 0 0 0 0 7 0 2 4
Genlis_Adele 1782 3635 457 620 8 15 1 48 15 3 2 60 30 40 13 15 28 40 44 7 9 1 0 0 22 10 5 5
Marmontel_Incas 1777 1407 136 144 3 6 1 10 23 0 1 12 6 11 6 3 6 20 12 3 0 1 0 0 1 0 3 2
Gimat_Voyage 1753 413 44 34 2 4 1 7 5 1 0 0 4 2 0 1 2 5 7 0 0 0 0 0 0 4 0 0
Dulaurens_Imirce 1765 971 114 112 2 3 1 10 10 1 0 3 14 7 4 2 8 12 6 0 1 1 1 1 10 4 0 0
Lesuire_Aventurier 1782 3451 548 529 11 18 28 50 21 8 0 46 49 27 18 17 41 54 40 1 1 6 1 3 14 7 11 3
Mouhy_Opuscule 1752 159 19 14 1 0 0 4 0 0 0 0 5 1 0 0 2 1 0 0 1 0 0 0 0 2 0 0
Malarme_Rose 1783 1312 204 207 1 9 3 27 9 0 0 20 14 13 4 9 11 13 17 5 2 1 2 2 13 1 5 3
Marchand_Avis 1751 249 27 25 1 3 2 2 5 0 0 0 4 6 1 0 1 3 1 0 0 0 0 0 1 1 1 0
BarbeMarbois_Parisienne 1769 444 62 63 1 3 0 14 2 0 0 0 3 9 2 1 6 6 2 0 0 0 0 1 4 2 1 0
Beauharnais_Lettres 1778 2034 293 261 2 28 5 26 28 0 4 11 15 26 8 5 17 40 12 9 1 3 3 4 18 1 8 8
Anonyme_Zoloe 1800 226 10 29 1 3 0 1 1 0 0 2 0 1 1 1 1 0 0 0 0 0 0 0 0 0 0 0
Sade_120 1785 2029 232 299 3 7 1 31 13 1 1 18 26 10 5 7 12 26 19 0 1 2 3 3 6 5 2 3
Marmontel_Belisaire 1767 694 92 80 1 6 1 14 7 1 0 5 4 9 3 6 6 7 8 1 0 1 2 0 1 1 2 1
Lagrave_Sophie 1798 821 115 131 1 1 5 5 2 1 0 5 14 22 0 1 14 6 5 2 2 0 0 0 7 2 3 1
Charriere_Sainte 1799 427 74 58 1 3 1 12 1 2 0 14 7 4 4 2 0 2 3 1 2 0 0 0 1 1 1 1
Rousseau_Reveries 1778 615 73 90 1 9 3 5 1 2 0 10 14 1 0 1 5 5 4 4 0 0 0 0 2 0 0 4
Puget_Periphas 1761 884 72 69 0 5 3 4 4 0 0 11 1 1 4 3 7 17 5 0 0 0 0 0 1 1 1 5
Diderot_Pensees 1777 124 18 21 0 1 0 0 1 0 0 1 1 2 0 1 0 3 3 0 0 0 0 0 1 0 0 2
Tressan_Prince 1780 404 60 56 5 3 3 4 6 0 1 5 7 5 4 0 4 3 1 3 1 1 0 0 3 1 1 1
Voltaire_Homme 1768 258 39 44 0 3 0 3 4 1 0 4 3 4 1 0 2 6 3 2 2 0 0 0 0 1 0 0
Cazotte_Diable 1772 426 50 47 0 1 0 11 1 0 0 5 1 2 2 4 3 7 4 0 1 0 0 0 0 0 0 1
Grandin_Paulin 1792 669 75 61 1 5 5 8 4 0 0 4 6 9 3 5 5 2 6 0 0 0 0 0 3 0 1 0
Arnaud_Clary 1767 182 21 17 0 2 1 2 2 0 0 3 1 2 0 1 3 3 0 0 0 0 0 0 1 0 1 0
Doppet_Memoires 1786 488 75 57 1 1 1 11 4 1 0 5 7 11 1 1 4 12 2 0 0 0 0 0 1 1 1 1
Charriere_Lausanne 1785 730 100 125 2 8 0 13 4 1 0 8 15 5 3 2 4 4 8 0 0 4 0 2 1 0 3 3
Mercier_Jezennemours 1776 1137 146 152 1 11 5 16 6 2 0 17 11 15 8 3 15 8 7 3 0 0 1 2 2 0 2 0
Voltaire_Eloge 1775 458 56 65 1 1 0 1 4 0 0 6 8 2 6 0 5 5 5 1 1 0 0 0 2 0 0 0
Beckford_Vathek 1787 556 78 67 3 0 4 12 1 0 2 9 5 4 5 2 5 4 5 2 0 0 0 0 4 1 0 0
Ducray_Victor 1796 2738 435 345 7 11 12 47 22 0 0 50 17 29 19 19 33 28 35 10 0 5 0 12 18 5 3 12
Leonard_Clementine 1774 242 42 34 0 0 1 3 1 0 0 8 2 6 1 0 3 2 2 0 0 1 0 0 3 0 0 4
Fyot_Memoires 1752 368 42 54 1 1 2 6 1 0 0 0 5 1 2 3 0 7 3 0 0 0 0 1 4 2 0 1
Jacquin_Parisiennes 1758 885 95 91 6 5 6 10 6 0 0 0 13 15 1 2 8 4 4 0 2 0 1 0 3 2 1 2
Puttelange_Roi 1791 300 37 39 1 2 0 7 0 0 0 6 3 1 1 2 0 2 2 0 3 0 0 0 2 2 0 1
Nerciat_Etourdi 1784 681 78 78 1 3 3 6 7 0 0 6 11 5 2 3 6 10 4 0 1 1 0 2 5 2 0 0
Bastide_Maison 1762 225 33 30 0 2 2 3 0 0 0 1 1 4 0 1 1 1 5 1 1 0 0 2 1 0 0 0
Mirabeau_Conversion 1783 589 70 72 0 5 1 11 1 0 0 6 1 6 3 3 5 3 5 0 4 0 1 0 2 1 0 0
Merard_Bergeries 1784 305 37 31 0 1 1 8 0 0 0 4 2 1 1 0 3 3 1 0 0 0 0 0 4 0 0 2
Sade_Philosophie 1791 985 149 140 0 6 0 26 6 0 3 16 5 9 3 7 10 14 15 3 2 1 0 2 0 1 0 2
Florian_Numa 1786 1149 130 100 4 8 4 20 7 1 0 2 6 8 7 3 6 17 4 3 0 1 1 0 4 1 2 4
Ducray_Coelina 1799 4009 606 565 15 24 22 74 18 4 0 76 22 36 42 12 51 24 14 7 1 7 2 8 19 4 8 19
Sade_Crimes 1799 2757 388 328 3 9 6 50 41 3 0 25 32 30 7 6 33 55 43 2 5 1 2 2 10 8 2 9
Arnaud_Zenothemis 1773 241 19 18 0 0 1 2 2 0 0 3 1 2 0 0 2 3 1 0 0 0 0 0 1 1 1 0
CastilhonJ_Robert 1769 862 102 99 2 5 6 15 7 0 1 6 12 7 4 0 7 4 1 0 0 4 1 2 3 4 1 2
Luchet_Vicomte 1784 473 41 31 0 1 1 5 4 0 1 4 6 2 2 1 4 1 3 0 0 1 0 0 3 1 0 1
Charriere_Noble 1763 191 34 38 0 1 0 3 0 0 0 4 7 1 1 0 1 2 2 0 1 1 0 0 4 0 0 0
Popeliniere_Daira 1760 743 114 92 2 7 4 14 5 1 0 11 12 12 4 3 15 7 3 0 0 0 0 0 2 0 0 2
Tiphaigne_Galligenes 1765 580 77 85 4 0 1 13 3 0 1 6 8 3 7 2 4 11 1 0 1 0 0 0 0 1 0 4
Chaussard_Diable 1799 1062 77 75 1 6 3 7 10 0 1 6 4 5 13 1 4 5 3 0 1 0 1 0 0 5 0 0
Rosny_Firmin 1798 550 66 78 0 5 5 7 4 0 1 10 7 2 0 2 4 8 3 1 0 2 0 0 2 1 1 1
Genlis_Chevaliers 1795 2989 382 365 13 15 9 42 35 0 0 27 30 23 27 5 31 40 16 2 1 1 2 3 20 1 6 2
Tiphaigne_Amilec 1753 272 37 44 0 0 3 2 0 0 0 0 6 2 2 0 2 8 1 0 0 0 0 0 0 0 1 0
Tressan_Jehan 1780 373 48 51 3 2 4 2 4 0 0 6 3 4 1 0 2 2 0 0 0 0 0 0 5 1 0 0
Arnaud_Sargines 1772 307 36 34 1 3 0 1 1 0 2 3 3 3 0 1 4 5 4 4 0 1 0 0 2 0 0 0
Chevrier_Magakou 1752 221 26 25 2 0 1 2 3 0 1 0 0 1 1 0 1 4 3 1 0 1 0 1 2 0 1 1
Ducray_Cinquante 1798 1006 143 135 3 7 4 12 6 1 0 13 8 5 9 1 8 12 10 5 0 5 2 0 8 2 0 4
Falconet_Debut 1770 461 64 53 3 1 7 9 11 1 0 0 1 4 2 8 1 6 3 1 0 0 0 0 2 1 0 1
PigaultLebrun_Enfant 1792 1376 113 118 5 7 1 14 6 0 1 11 15 4 2 3 7 2 6 1 3 2 0 1 4 4 2 2
Laveaux_Eusebe 1785 479 64 66 1 3 3 9 1 0 0 7 5 7 2 2 4 0 4 0 0 2 0 1 6 0 1 0
Constant_Mari 1783 550 92 86 1 4 0 12 0 2 0 8 5 11 0 4 3 2 13 2 1 0 0 2 3 0 4 5
Crebillon_Atheniennes 1771 2893 489 564 3 24 5 50 2 3 0 55 26 78 4 10 20 83 19 5 4 1 0 3 10 7 0 27
Souza_Emilie 1799 1080 174 142 7 11 8 11 8 1 3 11 10 13 12 3 13 19 2 2 1 1 1 3 7 3 1 5
Cazotte_Ollivier 1763 936 91 86 1 3 4 11 9 0 3 5 11 4 3 2 5 12 6 0 1 0 0 2 2 0 0 2
Voltaire_Songe 1756 198 23 33 1 1 0 3 5 1 1 1 0 4 0 1 2 3 0 1 0 0 0 0 0 0 0 0
Diderot_Supplement 1796 175 17 19 0 1 0 0 2 2 0 2 0 1 1 3 0 1 1 0 0 0 0 0 0 0 1 0
Duclos_Memoires 1751 581 89 102 3 12 2 9 7 1 0 0 8 11 2 1 3 15 3 1 0 0 0 2 7 0 0 1
Benouville_Pensees 1758 598 102 93 0 3 1 19 5 0 0 8 7 11 7 1 3 4 20 1 2 1 0 0 2 0 0 1
Benoist_Elisabeth 1766 1323 173 191 3 13 5 11 5 0 0 2 6 21 6 4 13 18 6 2 4 1 0 2 19 1 1 6
Berquin_Enfants 1782 521 96 94 2 4 3 12 1 0 1 5 6 7 5 1 2 3 13 0 2 0 0 0 1 2 1 3
Diderot_Oiseau 1748 283 27 38 0 1 2 3 2 0 0 5 0 2 0 1 0 1 3 0 0 1 0 0 0 0 1 1
Louvet_Annee 1787 2024 310 223 7 15 9 31 12 1 1 33 26 34 17 12 10 12 20 3 4 2 6 2 9 3 1 8
Charriere_Femmes 1795 670 95 101 3 3 0 10 9 1 0 7 6 5 13 0 1 8 4 2 0 2 1 0 2 1 1 1
Montdorge_Nadir 1769 351 30 21 1 1 0 6 3 0 1 0 1 1 3 2 3 5 2 0 2 0 0 0 0 0 0 1
Blanchard_Philetas 1800 339 53 39 3 2 1 4 7 0 0 4 1 3 3 0 3 1 1 0 0 1 0 0 7 0 0 3
Maubert_Paisan 1754 783 94 104 1 1 0 13 3 1 0 3 10 6 7 6 7 4 4 3 3 2 2 2 2 1 0 0
Diderot_Jacques 1796 1397 161 156 7 3 4 16 6 0 0 36 13 22 11 5 4 2 8 3 2 2 0 0 4 5 1 1
Duvernet_Guillaume 1781 136 18 19 1 0 0 8 1 0 0 1 0 1 1 0 0 3 1 0 0 0 0 0 0 0 1 0
Beaumont_Prince 1756 158 23 24 1 0 0 6 0 0 0 5 0 3 1 0 0 1 1 0 0 1 0 0 2 0 0 0
Anonym_Suzon 1778 539 68 84 0 4 2 11 2 0 0 3 6 3 3 2 3 8 2 0 0 1 0 1 3 2 0 0
Voltaire_Oreilles 1775 190 24 32 0 1 0 5 2 0 0 3 0 0 1 1 1 3 4 0 0 0 0 0 1 0 0 0
Louvet_Fin 1790 1173 196 147 4 4 4 19 5 2 0 18 18 20 18 15 7 14 9 3 1 3 0 0 7 0 3 3
Genlis_Emigres 1798 1778 200 304 4 7 3 21 9 1 0 30 16 13 9 7 11 16 21 4 2 1 0 0 4 4 1 1
Retif_Sara 1796 1014 181 129 3 16 5 21 8 3 1 9 12 11 6 4 13 10 4 2 1 2 2 2 23 2 2 3
AndreSerieys_Comte 1800 826 81 75 3 2 5 6 5 1 0 5 9 6 3 3 8 8 6 0 0 1 0 0 4 1 0 2
Nerciat_Aphrodites 1764 1612 206 236 1 11 2 32 10 1 1 20 13 13 8 14 11 12 16 3 6 0 1 1 7 5 2 2
Nerciat_Doctorat 1788 209 25 26 0 0 0 0 3 0 0 5 4 6 1 1 1 1 0 0 0 0 0 0 2 0 0 1
Duvernet_Retraite 1790 177 25 22 0 1 0 4 0 0 0 4 3 2 1 1 1 0 1 0 0 0 0 0 3 1 0 1
Gerard_Comte 1774 2418 291 368 5 15 6 24 27 1 0 26 18 20 7 4 20 24 18 3 3 8 1 1 19 2 6 11
Riccoboni_LettresAdelaide 1767 766 110 87 0 6 1 15 4 0 0 12 5 9 2 1 5 12 2 3 0 1 0 9 9 0 2 0
Beaumont_Clarice 1767 2153 360 367 9 21 1 35 19 7 2 34 16 21 8 15 19 38 32 10 2 4 1 11 12 10 9 12
Arnaud_Epoux 1745 1184 178 167 6 14 5 14 9 0 0 19 6 11 3 9 11 21 10 5 0 2 1 2 21 1 0 0
Saurin_Mirza 1754 371 46 54 1 2 0 4 2 0 0 1 4 7 2 1 0 2 4 0 2 0 0 0 0 2 0 1
Souza_Adele 1794 882 138 122 5 8 3 15 10 1 1 14 8 6 7 4 10 7 8 1 1 1 0 1 7 1 1 5
Rousseau_Julie 1761 4593 828 728 6 85 13 74 44 6 0 102 31 40 15 17 40 51 83 14 14 6 4 1 43 6 12 23
Voltaire_Ingenu 1767 345 46 45 5 1 2 7 2 0 0 7 4 2 1 0 3 0 0 1 2 0 1 0 4 0 0 0
Marchadier_Isle 1752 200 17 13 0 2 0 6 3 0 0 0 0 0 0 0 0 0 5 0 0 0 0 0 1 0 0 0
Riccoboni_LettresFanni 1757 527 95 70 2 4 1 21 1 0 0 10 4 6 3 2 6 7 1 1 1 0 0 2 7 1 2 2
Riccoboni_MylordRivers 1776 800 104 72 0 3 2 23 9 0 1 9 7 11 2 6 4 6 0 1 1 0 0 2 12 1 0 3
Riccoboni_LettreJuliette 1759 533 72 72 2 4 2 7 2 1 0 8 4 10 1 3 1 7 3 1 0 1 0 1 2 1 1 0
Duvernet_Devotions 1790 218 33 24 0 0 1 8 1 0 0 3 0 2 3 0 4 0 4 0 0 0 0 0 1 0 1 1
Moreau_Memoire 1757 163 26 33 0 0 1 5 3 0 0 2 2 4 1 1 4 2 1 1 0 0 0 0 0 0 0 0
Arnaud_Matinees 1798 1216 169 185 0 6 4 7 17 1 1 17 10 10 5 8 7 25 14 1 0 5 2 2 11 1 4 5
Crebillon_Nuit 1755 512 110 96 0 4 0 20 5 1 0 9 8 25 5 2 4 7 4 0 0 0 0 1 3 3 0 1
Ripault_Journee 1797 197 25 23 1 0 1 1 2 1 0 0 1 3 2 2 0 3 1 1 1 0 0 1 0 0 0 1
Dorat_Malheurs 1772 928 135 149 0 4 5 10 10 1 0 11 5 15 4 5 6 18 11 2 3 2 0 1 5 2 2 5
Bernardin_Paul 1787 814 98 107 6 4 0 8 10 3 0 7 7 14 8 3 3 3 1 1 1 0 0 7 1 2 0 2
Arnaud_Nancy 1767 228 18 30 1 1 1 1 1 0 0 3 0 1 0 0 1 2 1 0 0 1 0 0 0 1 0 0
Florian_Estelle 1788 488 67 61 3 2 2 6 6 0 2 5 3 9 3 0 1 8 10 0 3 0 0 0 6 1 0 1
Dorvigny_Tante 1800 1404 152 183 3 10 2 23 14 1 1 19 9 8 3 8 7 14 6 3 5 2 0 1 3 1 0 3
Sade_Justine 1791 1752 219 225 2 10 2 31 14 1 0 10 22 18 8 5 12 26 31 1 5 4 2 1 4 2 2 0
Charriere_Caliste 1787 483 76 77 2 3 0 8 1 1 0 8 5 3 3 2 0 2 3 1 1 1 2 0 8 0 1 1
Marmontel_Dejeunes 1791 229 37 38 1 0 1 4 1 0 0 3 1 4 3 1 1 5 0 0 1 0 0 1 2 1 0 0
Voltaire_Micromegas 1752 169 24 40 0 0 0 3 1 0 0 2 4 2 1 0 1 0 2 0 0 0 0 0 1 0 0 0
Boufflers_Reine 1760 134 17 15 0 0 0 6 0 0 0 4 1 0 0 1 1 1 0 0 0 0 0 0 0 0 0 0
Voltaire_Consoles 1756 95 9 12 0 0 0 1 0 0 0 1 2 0 1 0 0 0 2 1 0 0 0 0 1 0 0 0
Prevost_Monde 1760 2150 288 252 10 12 3 13 22 5 0 9 25 24 16 18 16 37 5 14 1 3 1 6 5 9 5 9
Retif_Paysanne 1784 2964 589 508 24 18 10 54 13 2 2 76 14 57 28 12 21 37 42 7 5 0 3 1 37 9 4 6
