0TextId year verbs innerVerbs voir:perception regarder:perception sentir:perception apercevoir:perception vouloir:volition oser:volition compter:volition essayer:volition savoir:cognition trouver:cognition croire:cognition entendre:cognition attendre:cognition connaître:cognition devoir:moral falloir:moral espérer:moral valoir:moral refuser:moral accepter:moral engager:moral aimer:affect manquer:affect souffrir:affect craindre:affect
FRA00901_Daudet 1867 1303 174 172 9 4 6 21 8 1 2 25 3 12 13 3 3 7 20 4 0 0 0 0 5 1 0 0
FRA01902_Gaboriau 1869 4024 465 466 8 15 10 47 32 7 10 55 26 35 21 22 36 51 26 12 6 5 0 3 1 5 1 6
FRA00501_Balzac 1853 462 53 48 3 1 0 5 6 1 1 9 5 2 3 1 2 5 2 1 2 0 1 0 2 2 0 0
FRA03302_Rattazzi 1865 803 78 79 4 3 1 11 7 0 0 5 5 3 6 3 1 8 7 0 0 1 0 0 5 1 1 0
FRA07001_Mendes 1892 339 22 28 0 1 0 4 2 0 2 2 4 0 0 1 0 1 0 0 1 0 0 0 0 1 0 1
FRA00602_Boisgobey 1886 1645 227 209 4 5 6 26 12 6 4 22 18 14 13 7 14 12 13 7 7 5 4 8 8 3 0 4
FRA01402_Fleuriot 1874 615 93 64 3 4 2 12 2 1 0 8 4 5 10 1 4 5 10 6 1 2 0 1 2 0 0 0
FRA03201_Blandy 1887 1115 128 116 1 5 3 23 8 1 1 19 14 4 3 5 4 6 10 1 5 1 1 0 1 1 0 1
FRA02602_Malot 1878 1992 303 235 26 10 8 40 18 4 0 23 31 16 16 8 6 27 27 1 0 3 1 4 5 3 4 3
FRA02701_Maupassant 1885 1658 190 157 22 18 9 18 15 0 2 18 21 4 7 6 14 7 12 3 4 0 0 0 3 0 1 2
FRA00101_Adam 1860 346 37 24 3 1 0 2 0 2 0 4 4 1 2 2 0 2 5 0 1 0 0 1 2 0 0 0
FRA00502_Balzac 1852 1209 148 115 4 9 2 12 9 3 3 16 21 6 6 2 16 18 5 1 5 2 4 0 3 1 1 0
FRA00401_Allais 1902 421 57 43 1 0 0 10 5 0 2 6 3 3 2 2 6 3 5 0 1 0 0 5 0 0 0 0
FRA05401_Kock 1849 1595 241 200 14 6 4 48 12 0 1 18 16 18 10 8 19 6 26 8 2 0 3 0 11 2 0 2
FRA00701_Carraud 1852 875 103 118 4 2 1 20 10 0 0 9 12 2 1 3 0 5 11 1 0 0 1 0 3 1 2 1
FRA06801_Vaillant 1861 1009 130 139 3 5 2 17 8 4 0 15 4 13 8 1 7 10 11 2 1 1 0 0 10 1 1 3
FRA02303_Greville 1878 696 90 75 4 1 3 13 4 0 0 11 11 3 2 7 1 6 6 1 3 1 0 0 5 1 5 0
FRA02201_Gouraud 1888 734 107 118 0 3 0 6 5 1 3 17 8 7 3 5 2 4 11 4 1 1 0 2 5 2 2 1
FRA06301_Montepin 1884 2507 324 231 10 8 5 40 9 2 2 34 32 15 16 18 11 22 37 5 1 8 5 3 9 4 3 2
FRA00601_Boisgobey 1881 1434 178 205 3 4 11 12 15 4 1 17 8 9 4 10 13 19 15 5 3 2 5 0 0 7 2 2
FRA04501_Barres 1908 392 46 33 3 4 0 5 2 1 0 0 2 6 0 0 3 2 4 0 1 1 0 0 2 0 0 0
FRA03701_Sand 1872 1695 271 294 8 7 1 27 3 2 1 51 19 16 12 5 15 20 18 1 3 4 0 1 12 2 3 2
FRA04701_Bourget 1919 520 40 44 3 2 0 3 4 0 0 5 6 2 2 0 3 1 0 1 1 0 1 0 3 0 1 1
FRA03401_Reybaud 1855 473 53 58 5 2 6 1 3 0 1 6 6 2 4 4 1 3 0 0 0 0 0 0 0 4 0 0
FRA02401_LeRouge 1904 250 15 13 0 0 0 0 0 1 0 0 4 2 1 1 1 3 0 0 0 1 0 0 0 0 0 0
FRA07201_Montagne 1886 1296 168 124 3 14 5 20 11 5 8 12 23 8 3 11 7 13 4 3 1 4 3 1 9 2 0 2
FRA04801_Corday 1909 515 81 64 0 5 1 21 3 0 1 11 3 1 3 3 3 5 4 1 4 0 0 0 5 0 1 0
FRA01401_Fleuriot 1877 563 56 52 6 1 1 11 5 1 0 5 4 5 1 3 1 1 4 0 1 0 0 0 0 0 1 1
FRA01202_Feval 1857 1433 147 171 4 2 1 26 4 0 3 13 11 8 13 5 7 9 13 0 7 0 0 0 2 0 0 0
FRA03001_Ohnet 1885 1670 150 151 5 7 3 15 13 1 0 19 14 5 11 3 9 11 7 2 4 3 0 3 1 0 2 3
FRA02603_Malot 1888 1632 225 212 8 5 2 35 15 6 2 22 18 19 8 10 14 25 12 2 4 5 2 2 3 3 4 0
FRA02702_Maupassant 1883 1037 93 46 12 17 9 12 13 2 1 5 4 2 8 1 5 1 1 1 0 1 0 1 7 0 0 1
FRA01302_Flaubert 1857 1780 178 167 8 6 11 10 10 3 2 16 18 3 12 5 3 10 12 1 3 1 2 1 12 3 2 0
FRA00102_Adam 1883 437 68 44 4 4 0 4 6 0 2 9 3 2 1 1 3 4 5 0 1 2 0 0 11 1 0 0
FRA00801_Dash 1843 656 89 72 3 3 2 11 3 1 1 9 6 4 1 6 8 6 8 2 0 0 1 0 3 1 1 0
FRA03601_Proust 1913 2595 343 381 8 17 7 28 20 0 6 31 41 29 22 9 30 34 14 4 0 6 0 4 12 3 5 0
FRA05702_Maquet 1857 2591 309 253 22 19 4 27 16 4 3 21 20 17 19 15 9 11 14 3 3 1 0 2 2 6 5 4
FRA05501_Lermina 1910 623 68 65 0 2 2 4 8 0 1 10 9 3 2 3 10 8 4 0 0 0 5 1 0 2 0 0
FRA01403_Fleuriot 1881 891 116 103 5 3 3 10 7 1 0 12 7 0 9 6 21 5 6 0 2 0 1 2 3 2 0 3
FRA01801_Gay 1844 2814 394 324 7 19 13 38 29 0 1 50 21 26 26 6 22 33 27 4 8 4 5 8 14 3 8 6
FRA07601_Leroux 1913 3058 362 350 25 4 13 44 17 3 6 44 17 12 35 27 33 25 21 3 1 1 0 1 3 3 1 1
FRA01301_Flaubert 1869 2166 206 165 10 7 11 15 25 3 1 18 17 10 9 12 17 14 9 3 3 3 2 5 8 4 1 2
FRA07501_Darien 1897 2049 312 333 4 9 8 37 10 1 1 64 7 15 15 6 20 26 37 8 2 2 2 2 6 0 1 2
FRA07301_Valgand 1853 699 91 88 3 5 1 13 5 1 3 5 5 6 2 3 5 7 7 2 5 1 2 0 5 1 2 2
FRA01701_GautierT 1847 478 47 54 2 1 4 4 3 1 2 2 6 1 0 1 1 11 5 0 0 0 0 0 0 2 1 0
FRA00302_Aimard 1894 1947 193 140 9 6 4 18 19 1 4 18 27 19 7 14 13 7 9 3 4 0 1 0 1 5 2 6
FRA05201_Feuillet 1856 398 39 46 0 1 1 3 2 0 1 6 3 2 1 1 2 7 2 2 0 0 1 0 1 1 0 0
FRA03003_Ohnet 1894 647 52 62 2 3 0 2 2 3 2 6 6 2 1 2 2 4 10 2 1 0 0 0 2 1 0 0
FRA02203_Gouraud 1876 633 95 88 1 1 2 7 7 1 2 9 5 9 3 4 5 2 8 1 1 2 2 0 2 4 3 1
FRA03903_Stolz 1878 664 73 68 4 7 0 5 10 1 0 8 8 5 4 1 1 3 3 0 0 0 2 1 8 1 1 2
FRA04002_Verne 1898 672 80 76 0 2 3 9 9 4 0 10 4 6 3 4 7 9 6 0 3 1 0 1 0 2 0 0
FRA02302_Greville 1878 789 95 85 5 4 1 14 12 0 0 5 5 4 4 4 8 6 14 0 1 0 0 0 5 2 1 0
FRA02202_Gouraud 1867 662 85 73 4 5 2 10 4 2 2 9 6 5 5 1 5 3 6 1 1 1 1 2 0 1 0 0
FRA02601_Malot 1869 1016 125 143 2 3 5 11 4 1 3 14 11 5 8 6 5 9 15 1 0 1 0 0 1 1 1 2
FRA01201_Feval 1868 1981 195 258 11 6 3 18 4 2 2 30 16 14 5 11 17 12 8 3 2 0 1 4 5 1 1 1
FRA01501_France 1912 924 98 85 4 4 2 6 10 0 0 7 12 4 3 4 3 6 11 4 1 0 0 1 9 1 3 4
FRA05602_Lesueur 1904 2864 396 338 16 13 9 35 22 7 8 44 33 30 20 11 21 33 17 11 1 4 1 2 10 8 4 12
FRA01102_Dombre 1889 325 29 30 0 0 0 2 3 0 0 3 8 2 3 1 2 0 1 0 0 0 0 0 2 2 1 0
FRA07401_Leblanc 1910 1642 178 173 7 2 5 21 13 2 2 23 20 4 13 7 11 9 6 2 5 2 2 2 2 1 0 1
FRA07101_Blondel 1856 580 77 65 1 2 1 14 5 2 2 7 9 4 4 0 2 4 8 1 0 1 3 0 2 0 1 2
FRA05101_Eekhoud 1904 594 48 36 0 1 0 4 1 1 0 4 4 3 2 3 2 3 0 0 4 0 0 0 2 1 0 1
FRA04401_Barbusse 1916 1711 188 194 6 4 3 11 3 4 2 22 9 7 15 15 8 6 30 1 5 0 0 1 1 0 0 1
FRA06401_Chandeneux 1876 2193 264 239 13 7 7 27 16 2 4 31 16 20 16 8 11 12 21 2 0 1 4 2 7 4 2 3
FRA03002_Ohnet 1890 835 111 76 5 5 3 14 4 0 3 15 6 16 2 5 2 1 6 1 0 1 0 1 9 0 4 0
FRA04202_Rolland 1912 9507 1233 1039 90 75 34 147 76 6 21 122 78 54 99 42 65 54 59 5 12 7 8 3 51 28 27 14
FRA06901_Vignon 1879 1281 179 198 5 12 0 20 8 7 2 14 16 5 7 1 7 15 18 2 4 0 3 0 6 0 1 2
FRA03702_Sand 1867 1386 231 214 9 1 0 19 5 3 2 36 18 10 10 5 11 23 23 1 9 1 5 1 7 2 2 4
FRA00301_Aimard 1858 1251 97 103 5 1 4 9 14 3 1 12 7 3 1 8 6 11 2 0 0 0 1 0 1 4 0 2
FRA03101_Ponson 1852 989 122 103 2 4 3 24 5 1 2 12 10 6 7 7 4 7 4 3 0 4 1 1 5 1 0 3
FRA06201_Viel-Castel 1845 624 78 57 0 2 3 9 11 0 0 6 7 3 8 5 7 6 4 2 0 1 0 0 1 3 0 2
FRA01303_Flaubert 1862 1516 140 104 16 8 20 12 8 1 2 11 7 9 13 1 8 5 2 2 1 1 1 2 0 1 2 1
FRA03802_Stern 1846 988 107 99 4 6 6 6 11 1 1 10 12 8 4 3 7 7 5 2 0 0 0 0 1 0 4 1
FRA02501_Loti 1883 911 98 92 8 10 0 5 5 1 4 8 7 1 12 10 14 5 4 0 0 0 0 1 4 1 1 1
FRA06501_Gyp 1897 649 111 102 5 2 3 11 3 0 0 19 6 10 0 2 7 6 5 1 0 0 2 0 14 1 1 1
FRA01601_GautierJ 1887 1578 151 117 8 1 5 26 16 0 1 16 3 18 12 3 12 8 7 0 0 0 0 1 6 0 0 2
FRA04102_Erckmann 1863 840 101 92 15 1 0 8 6 0 1 3 2 7 5 0 3 10 7 1 1 0 0 0 3 1 0 1
FRA06001_Rebell 1902 788 94 71 3 2 1 6 2 1 4 5 7 6 6 3 10 6 7 0 1 0 1 0 3 1 2 1
FRA06701_Uchard 1882 872 104 105 4 8 3 9 9 2 3 10 5 3 5 0 9 9 10 0 4 1 2 0 0 2 0 1
FRA01101_Dombre 1890 738 99 88 4 0 2 14 4 3 0 19 1 7 3 3 2 4 10 0 0 2 0 0 13 0 0 0
FRA05301_Galopin 1906 780 85 86 3 5 5 8 5 0 1 7 9 4 8 0 7 4 4 1 0 0 1 0 0 2 0 2
FRA01203_Feval 1845 1059 107 114 4 5 5 9 6 4 0 9 8 11 7 5 5 6 10 3 0 2 1 1 4 0 0 1
FRA05801_Mille 1912 764 100 103 3 6 2 12 3 0 1 20 2 4 6 5 7 3 12 0 1 0 0 1 1 2 0 0
FRA04601_Bazin 1907 1195 140 115 5 7 6 17 5 0 0 10 13 3 11 5 18 11 5 1 2 3 1 3 1 1 2 1
FRA01002_DelarueMardrus 1919 490 57 86 1 6 0 1 3 0 1 15 2 4 0 1 1 5 5 0 0 0 0 0 2 0 2 0
FRA05901_Moselly 1907 1069 69 64 7 5 2 3 7 3 0 9 7 0 8 1 5 2 4 0 1 0 0 0 5 0 1 1
FRA01603_GautierJ 1900 407 37 40 2 2 0 3 3 0 0 1 2 5 5 0 3 4 0 0 1 0 0 0 1 0 0 0
FRA02301_Greville 1888 928 136 112 6 6 4 30 5 0 1 20 5 6 2 3 8 5 6 1 1 1 0 0 20 2 1 0
FRA02101_Girardin 1854 1099 165 163 15 2 4 21 6 2 1 26 5 11 6 4 14 7 13 0 0 0 0 1 7 0 2 4
FRA01602_GautierJ 1893 782 64 60 6 2 1 9 5 0 0 3 1 6 6 2 3 2 3 1 0 0 0 0 1 0 2 0
FRA02901_Noailles 1903 765 86 75 10 9 1 9 8 0 1 7 9 5 4 1 6 3 3 0 0 0 0 0 8 0 1 0
FRA06601_Peladan 1902 1004 132 123 4 4 1 11 2 0 0 14 7 11 3 2 5 11 4 0 0 2 1 0 17 1 9 4
FRA00503_Balzac 1854 1143 110 124 8 2 1 7 14 4 1 7 11 6 5 2 6 18 2 0 1 1 0 0 1 3 0 1
FRA00201_Audoux 1925 615 65 53 13 4 1 7 4 0 1 3 9 2 10 1 0 0 1 0 0 0 0 0 3 2 1 0
FRA02001_Gilbert 1912 283 30 26 0 1 0 4 5 0 0 1 2 1 4 0 1 3 6 0 0 0 2 3 0 0 0 0
FRA02802_Mirbeau 1883 726 84 80 0 0 4 9 5 4 2 16 4 6 4 1 9 6 2 0 1 1 1 0 1 0 0 1
FRA04301_Achard 1847 2691 299 303 19 19 5 34 15 4 0 29 12 17 20 13 17 16 25 3 7 1 0 2 15 3 3 4
FRA06101_Sandeau 1848 818 96 100 3 6 2 8 5 1 1 9 10 7 3 3 5 8 3 2 1 1 0 1 2 3 4 1
FRA03704_Sand 1840 1920 278 286 11 15 2 30 19 3 1 35 19 19 9 4 13 11 23 2 2 3 2 1 18 2 4 2
FRA04001_Verne 1878 1609 220 179 8 4 4 9 8 5 4 19 26 9 6 7 18 29 21 8 7 1 2 6 6 6 3 3
FRA04901_Dumas 1845 3096 426 320 22 3 5 58 16 6 5 49 26 29 24 29 30 22 17 10 2 1 2 2 22 3 0 7
Nerciat_Monrose 1792 2295 313 351 1 7 3 31 20 2 1 44 23 26 13 12 28 22 14 2 5 3 0 3 5 7 3 1
Voltaire_Candide 1759 479 56 64 4 0 0 7 4 0 0 3 3 4 4 1 5 3 7 0 1 0 1 0 3 1 1 0
Dorat_Sacrifices 1771 1120 159 149 2 6 2 16 11 0 1 20 5 23 3 3 15 11 5 3 3 0 2 0 17 0 3 7
Crebillon_Conte 1751 2203 381 347 4 15 5 42 15 5 1 22 28 65 12 12 16 25 26 3 1 4 0 3 27 4 4 17
Beaumont_Belle 1756 172 22 25 2 0 0 6 0 0 0 2 2 0 1 0 0 0 4 0 0 0 0 0 1 0 0 0
CastilhonJL_Zingha 1769 477 31 41 1 2 2 4 10 0 0 0 1 3 0 0 4 4 0 1 0 3 0 0 2 1 1 0
Bernardin_Chaumiere 1791 117 10 11 0 1 0 0 4 0 0 1 2 0 0 0 0 4 0 0 1 0 0 0 1 0 0 0
Mercier_An 1771 1015 115 135 3 4 6 6 10 1 0 8 7 9 5 1 9 14 4 1 3 1 0 0 1 2 3 3
Charriere_Ruines 1799 228 27 29 1 0 0 5 1 0 0 5 1 2 0 0 1 0 3 1 1 0 0 0 0 0 0 1
Chevrier_Colporteur 1761 631 97 77 1 0 0 16 1 3 0 7 6 7 6 2 7 7 3 1 1 0 0 1 2 2 2 1
Bellin_Nuit 1799 656 86 71 0 2 4 8 3 0 1 7 10 13 2 4 3 5 2 2 1 0 1 1 5 0 1 0
Fourqueux_Zely 1775 360 42 40 0 6 2 6 4 0 0 2 2 2 2 0 2 4 3 0 1 0 0 1 5 1 0 0
Voltaire_Bramin 1761 147 22 26 0 0 0 4 2 0 0 6 1 2 0 0 0 0 3 0 0 0 1 0 0 1 0 0
Anonym_Enfant 1800 439 51 61 0 1 5 5 6 0 0 4 3 4 0 0 3 6 2 0 2 1 0 1 1 1 1 0
Voltaire_Amabed 1769 204 26 27 0 0 0 2 2 1 0 4 1 5 1 1 1 1 4 0 0 1 0 0 0 1 0 2
Voisenon_Histoire 1751 180 27 23 1 1 2 2 0 0 1 2 3 2 0 0 4 3 2 0 0 0 0 0 3 1 0 0
Gorjy_Voyage 1791 288 44 48 0 1 3 4 0 0 0 4 2 6 5 0 2 2 3 0 0 0 3 0 0 1 1 1
Quesne_Folies 1800 668 61 49 2 4 0 10 6 2 0 5 4 5 1 1 6 4 1 1 1 2 0 0 5 0 0 1
Anonym_Histoire 1757 632 66 78 1 0 4 7 8 2 0 5 6 4 3 3 6 5 6 0 2 0 0 1 0 2 1 1
Linguet_Voyage 1755 399 41 30 1 2 2 3 1 0 1 0 9 5 1 0 2 2 2 0 1 0 0 2 1 0 0 0
Montesquieu_Arsace 1755 210 33 23 1 1 0 5 3 1 0 1 2 1 1 0 2 0 2 1 0 0 0 0 2 0 0 3
PigaultLebrun_Kinglin 1800 297 41 33 1 0 0 3 3 1 0 4 3 0 2 1 3 5 4 1 1 0 0 0 5 2 0 0
Voltaire_Taureau 1774 158 19 21 0 1 1 4 1 0 0 5 1 0 1 0 0 0 1 0 0 0 0 0 0 0 0 1
Lagrave_Zabeth 1798 1175 160 152 5 7 2 21 7 3 0 13 10 7 12 4 5 10 6 2 0 3 0 0 7 1 3 3
Voltaire_Jenni 1775 282 40 37 0 1 0 3 3 0 0 8 0 1 1 1 2 1 7 0 0 0 0 0 2 2 0 0
Diderot_Ceci 1772 218 33 32 0 0 0 4 1 1 0 9 0 2 1 1 4 2 2 0 0 0 2 0 0 0 0 1
Diderot_Religieuse 1796 1080 155 155 3 10 3 14 12 2 0 20 9 10 8 10 6 3 11 0 2 1 0 4 4 1 2 1
Cazotte_Honneur 1788 238 16 20 0 0 0 3 2 0 0 1 1 0 2 0 1 0 2 0 1 0 0 0 1 0 0 0
PigaultLebrun_Metusko 1800 255 28 21 0 2 0 1 3 2 0 4 2 0 3 1 1 3 0 0 0 1 1 0 1 0 0 1
Arnaud_Batilde 1767 225 26 29 1 2 0 1 2 0 0 3 1 0 0 0 2 7 1 0 0 0 0 0 4 0 1 1
Barthe_Femme 1769 934 135 107 2 4 1 10 6 0 1 11 5 3 16 5 5 8 24 1 4 2 0 1 12 2 0 4
Pertusier_Premiere 1800 754 118 83 2 1 6 9 0 3 0 10 13 8 5 14 10 9 8 0 3 2 1 4 0 0 1 0
Sade_Infortunes 1787 717 87 96 1 4 1 13 4 0 0 1 10 4 4 2 6 7 9 1 5 3 1 2 2 1 0 0
Voltaire_Bababec 1750 139 13 21 1 0 0 1 0 1 0 2 0 2 1 0 1 0 0 0 0 0 0 1 0 0 0 0
Arnaud_Julie 1767 225 26 23 1 1 1 1 1 0 0 1 1 1 0 0 3 3 3 1 0 0 0 0 4 0 1 1
Rousseau_Emile 1762 4229 640 622 7 39 8 77 29 4 1 66 19 35 38 7 28 77 91 5 5 5 3 1 10 8 16 10
Maistre_Voyage 1794 258 24 32 0 2 0 2 4 0 1 2 0 2 2 0 0 1 2 0 0 3 0 0 0 0 0 1
Constant_Laure 1787 4312 834 743 17 35 17 141 21 3 1 75 47 78 41 23 40 51 44 13 7 2 7 1 36 2 6 14
Sade_Aline 1795 4615 686 559 6 20 5 102 59 2 2 58 63 53 27 25 33 73 46 8 7 9 3 8 24 2 6 17
Retif_AntiJustine 1798 957 105 107 2 7 4 8 5 0 1 4 11 11 4 2 5 6 5 1 1 0 0 0 7 0 2 5
Reveroni_Pauliska 1798 968 113 86 3 5 3 4 10 4 0 3 11 7 8 9 9 11 3 1 1 2 2 2 4 0 2 0
Arnaud_Anne 1769 270 29 40 1 1 1 4 4 0 0 4 1 2 0 0 1 4 1 0 1 0 0 0 4 1 0 1
Abbes_Voyage 1758 173 20 24 0 1 1 0 0 0 0 1 3 2 0 0 1 1 1 0 1 0 0 0 0 1 0 1
Riccoboni_Histoire 1758 392 55 52 2 3 3 3 6 0 0 1 5 3 1 1 3 2 1 0 0 1 0 3 9 1 0 1
Arnaud_Sidney 1766 243 21 26 2 0 1 3 2 0 0 2 1 2 1 1 3 1 2 0 1 0 0 0 0 0 0 0
Voltaire_Princesse 1768 359 33 50 2 0 2 1 5 0 2 3 3 2 0 0 0 7 3 0 0 0 0 0 2 0 0 0
Arnaud_Bal 1751 258 39 18 2 3 2 8 2 0 0 0 5 1 2 2 4 2 1 0 1 0 0 2 2 1 0 0
Villeneuve_Temps 1768 1239 167 189 3 13 7 17 15 3 0 12 18 7 1 3 11 18 7 2 1 2 3 1 3 9 1 3
Charriere_Neuchateloises 1784 271 42 53 0 1 0 8 3 0 0 4 7 2 1 0 0 1 3 1 0 1 0 0 2 0 0 1
Arnaud_Adelson 1772 365 35 46 2 5 0 3 3 0 0 4 0 3 0 1 3 6 2 0 0 1 0 0 1 0 1 2
Laclos_Liaisons 1782 2421 417 398 11 14 5 43 21 5 0 64 24 44 11 10 23 32 31 15 4 5 1 1 2 6 4 7
Sacy_Amours 1761 187 22 15 0 2 1 1 3 0 1 0 0 0 1 0 4 2 0 1 0 0 0 0 2 0 1 0
Arnaud_Selicourt 1769 283 39 38 1 3 0 6 1 0 1 1 5 2 0 0 3 4 1 1 0 0 0 0 6 0 0 3
Diderot_Neveu 1773 404 58 63 2 2 0 2 1 1 0 10 0 3 7 2 2 2 7 1 1 0 0 0 1 2 1 0
Charriere_Observations 1788 102 28 14 1 1 0 4 0 0 1 1 0 5 5 0 2 4 0 0 0 0 0 0 0 0 0 0
Senac_Emigre 1797 1954 255 277 10 9 2 12 16 1 1 14 21 25 13 6 16 27 21 3 2 1 3 1 12 2 5 7
Cottin_Claire 1798 571 89 76 1 6 1 8 5 1 0 13 7 7 3 2 6 12 3 0 0 1 0 0 4 1 0 2
Morelly_Naufrage 1753 1422 152 132 3 14 7 11 17 1 1 12 14 12 1 2 20 7 3 3 2 1 0 2 5 3 0 7
Marmontel_Contes 1761 1996 325 270 1 18 8 53 12 3 1 22 20 23 14 6 14 20 14 4 4 0 1 1 40 3 0 7
Anonyme_Venus 1770 654 118 78 0 10 2 18 6 1 0 13 11 6 5 5 12 5 10 1 4 1 0 2 1 2 0 1
Denon_Point 1777 284 43 35 1 0 1 3 2 1 0 5 4 3 1 4 3 0 4 0 0 0 0 1 4 1 0 1
Rousseau_Reine 1758 173 23 27 0 1 0 4 2 0 0 1 3 1 1 2 2 2 2 1 0 0 0 0 3 2 0 0
Riccoboni_MissJenny 1764 1583 223 151 2 15 5 24 24 3 0 7 13 13 6 9 11 28 1 6 2 1 3 6 19 1 4 9
Loaisel_Ainsi 1788 1012 142 127 1 15 0 17 3 0 1 8 3 15 4 0 11 12 6 2 4 1 0 0 16 0 0 3
Retif_Vie 1779 778 95 105 0 2 4 8 8 0 0 8 5 6 4 3 2 6 11 0 4 1 0 2 3 1 3 3
Loaisel_Comtesse 1779 437 51 56 1 1 5 4 6 0 0 1 4 1 2 0 3 7 0 0 1 1 0 0 6 0 1 2
Mirabeau_Rideau 1786 626 78 83 1 8 6 6 6 0 0 1 10 3 3 3 4 8 1 0 0 2 0 1 3 2 0 2
Arnaud_Fanny 1764 252 30 30 1 2 0 7 4 0 0 3 1 3 0 1 1 2 2 0 0 0 0 0 0 1 0 0
Loaisel_Dolbreuse 1783 884 112 100 0 11 2 8 7 0 0 6 6 2 4 1 13 16 10 4 1 0 0 0 8 0 1 5
Leonard_Lettres 1783 1226 188 160 2 7 3 22 7 0 1 14 11 16 3 1 15 8 16 2 2 3 1 1 6 0 2 6
Riccoboni_Ernestine 1765 303 37 25 3 2 2 4 1 0 0 0 6 1 2 2 2 4 1 0 0 0 1 3 0 0 0 0
Florian_Galatee 1783 388 44 34 1 2 1 7 4 0 0 2 4 2 0 1 5 5 4 1 3 1 0 0 2 1 1 1
Morliere_Royalisme 1770 233 30 24 1 2 1 5 2 0 0 0 0 0 0 1 4 7 1 1 0 0 0 0 0 0 0 0
Fievee_Dot 1797 468 63 57 4 5 2 5 1 0 1 4 4 6 1 2 7 2 1 1 0 0 1 1 11 0 0 3
Voltaire_Scarmentado 1756 386 55 47 0 2 0 7 2 2 0 5 4 6 2 1 0 3 2 3 1 0 0 0 1 1 0 0
PigaultLebrun_Adele 1800 282 30 39 1 0 0 2 4 0 0 2 2 1 2 3 3 5 3 0 1 1 0 0 2 0 0 0
Lesuire_Crime 1789 2791 474 471 8 20 10 74 17 0 0 39 26 27 5 4 31 33 47 3 7 0 4 4 6 6 5 5
Arnaud_Lucie 1767 199 22 29 0 1 1 2 1 0 0 5 0 1 1 2 1 2 0 0 0 0 0 0 3 1 0 2
Nerciat_Felicia 1775 1509 211 220 1 13 1 19 13 2 3 13 17 13 5 3 15 19 20 2 7 1 1 3 9 6 2 3
Dulaurens_Compere 1766 1892 206 232 3 6 5 22 14 1 1 25 32 10 11 8 16 12 8 4 1 1 2 0 6 2 1 2
Segur_Correspondance 1789 585 104 97 0 7 1 10 3 1 0 10 7 18 1 0 6 5 10 3 0 0 0 0 7 0 2 4
Genlis_Adele 1782 3635 457 620 8 15 1 48 15 3 2 60 30 40 13 15 28 40 44 7 9 1 0 0 22 10 5 5
Marmontel_Incas 1777 1407 136 144 3 6 1 10 23 0 1 12 6 11 6 3 6 20 12 3 0 1 0 0 1 0 3 2
Gimat_Voyage 1753 413 44 34 2 4 1 7 5 1 0 0 4 2 0 1 2 5 7 0 0 0 0 0 0 4 0 0
Dulaurens_Imirce 1765 971 114 112 2 3 1 10 10 1 0 3 14 7 4 2 8 12 6 0 1 1 1 1 10 4 0 0
Lesuire_Aventurier 1782 3451 548 529 11 18 28 50 21 8 0 46 49 27 18 17 41 54 40 1 1 6 1 3 14 7 11 3
Mouhy_Opuscule 1752 159 19 14 1 0 0 4 0 0 0 0 5 1 0 0 2 1 0 0 1 0 0 0 0 2 0 0
Malarme_Rose 1783 1312 204 207 1 9 3 27 9 0 0 20 14 13 4 9 11 13 17 5 2 1 2 2 13 1 5 3
Marchand_Avis 1751 249 27 25 1 3 2 2 5 0 0 0 4 6 1 0 1 3 1 0 0 0 0 0 1 1 1 0
BarbeMarbois_Parisienne 1769 444 62 63 1 3 0 14 2 0 0 0 3 9 2 1 6 6 2 0 0 0 0 1 4 2 1 0
Beauharnais_Lettres 1778 2034 293 261 2 28 5 26 28 0 4 11 15 26 8 5 17 40 12 9 1 3 3 4 18 1 8 8
Anonyme_Zoloe 1800 226 10 29 1 3 0 1 1 0 0 2 0 1 1 1 1 0 0 0 0 0 0 0 0 0 0 0
Sade_120 1785 2029 232 299 3 7 1 31 13 1 1 18 26 10 5 7 12 26 19 0 1 2 3 3 6 5 2 3
Marmontel_Belisaire 1767 694 92 80 1 6 1 14 7 1 0 5 4 9 3 6 6 7 8 1 0 1 2 0 1 1 2 1
Lagrave_Sophie 1798 821 115 131 1 1 5 5 2 1 0 5 14 22 0 1 14 6 5 2 2 0 0 0 7 2 3 1
Charriere_Sainte 1799 427 74 58 1 3 1 12 1 2 0 14 7 4 4 2 0 2 3 1 2 0 0 0 1 1 1 1
Rousseau_Reveries 1778 615 73 90 1 9 3 5 1 2 0 10 14 1 0 1 5 5 4 4 0 0 0 0 2 0 0 4
Puget_Periphas 1761 884 72 69 0 5 3 4 4 0 0 11 1 1 4 3 7 17 5 0 0 0 0 0 1 1 1 5
Diderot_Pensees 1777 124 18 21 0 1 0 0 1 0 0 1 1 2 0 1 0 3 3 0 0 0 0 0 1 0 0 2
Tressan_Prince 1780 404 60 56 5 3 3 4 6 0 1 5 7 5 4 0 4 3 1 3 1 1 0 0 3 1 1 1
Voltaire_Homme 1768 258 39 44 0 3 0 3 4 1 0 4 3 4 1 0 2 6 3 2 2 0 0 0 0 1 0 0
Cazotte_Diable 1772 426 50 47 0 1 0 11 1 0 0 5 1 2 2 4 3 7 4 0 1 0 0 0 0 0 0 1
Grandin_Paulin 1792 669 75 61 1 5 5 8 4 0 0 4 6 9 3 5 5 2 6 0 0 0 0 0 3 0 1 0
Arnaud_Clary 1767 182 21 17 0 2 1 2 2 0 0 3 1 2 0 1 3 3 0 0 0 0 0 0 1 0 1 0
Doppet_Memoires 1786 488 75 57 1 1 1 11 4 1 0 5 7 11 1 1 4 12 2 0 0 0 0 0 1 1 1 1
Charriere_Lausanne 1785 730 100 125 2 8 0 13 4 1 0 8 15 5 3 2 4 4 8 0 0 4 0 2 1 0 3 3
Mercier_Jezennemours 1776 1137 146 152 1 11 5 16 6 2 0 17 11 15 8 3 15 8 7 3 0 0 1 2 2 0 2 0
Voltaire_Eloge 1775 458 56 65 1 1 0 1 4 0 0 6 8 2 6 0 5 5 5 1 1 0 0 0 2 0 0 0
Beckford_Vathek 1787 556 78 67 3 0 4 12 1 0 2 9 5 4 5 2 5 4 5 2 0 0 0 0 4 1 0 0
Ducray_Victor 1796 2738 435 345 7 11 12 47 22 0 0 50 17 29 19 19 33 28 35 10 0 5 0 12 18 5 3 12
Leonard_Clementine 1774 242 42 34 0 0 1 3 1 0 0 8 2 6 1 0 3 2 2 0 0 1 0 0 3 0 0 4
Fyot_Memoires 1752 368 42 54 1 1 2 6 1 0 0 0 5 1 2 3 0 7 3 0 0 0 0 1 4 2 0 1
Jacquin_Parisiennes 1758 885 95 91 6 5 6 10 6 0 0 0 13 15 1 2 8 4 4 0 2 0 1 0 3 2 1 2
Puttelange_Roi 1791 300 37 39 1 2 0 7 0 0 0 6 3 1 1 2 0 2 2 0 3 0 0 0 2 2 0 1
Nerciat_Etourdi 1784 681 78 78 1 3 3 6 7 0 0 6 11 5 2 3 6 10 4 0 1 1 0 2 5 2 0 0
Bastide_Maison 1762 225 33 30 0 2 2 3 0 0 0 1 1 4 0 1 1 1 5 1 1 0 0 2 1 0 0 0
Mirabeau_Conversion 1783 589 70 72 0 5 1 11 1 0 0 6 1 6 3 3 5 3 5 0 4 0 1 0 2 1 0 0
Merard_Bergeries 1784 305 37 31 0 1 1 8 0 0 0 4 2 1 1 0 3 3 1 0 0 0 0 0 4 0 0 2
Sade_Philosophie 1791 985 149 140 0 6 0 26 6 0 3 16 5 9 3 7 10 14 15 3 2 1 0 2 0 1 0 2
Florian_Numa 1786 1149 130 100 4 8 4 20 7 1 0 2 6 8 7 3 6 17 4 3 0 1 1 0 4 1 2 4
Ducray_Coelina 1799 4009 606 565 15 24 22 74 18 4 0 76 22 36 42 12 51 24 14 7 1 7 2 8 19 4 8 19
Sade_Crimes 1799 2757 388 328 3 9 6 50 41 3 0 25 32 30 7 6 33 55 43 2 5 1 2 2 10 8 2 9
Arnaud_Zenothemis 1773 241 19 18 0 0 1 2 2 0 0 3 1 2 0 0 2 3 1 0 0 0 0 0 1 1 1 0
CastilhonJ_Robert 1769 862 102 99 2 5 6 15 7 0 1 6 12 7 4 0 7 4 1 0 0 4 1 2 3 4 1 2
Luchet_Vicomte 1784 473 41 31 0 1 1 5 4 0 1 4 6 2 2 1 4 1 3 0 0 1 0 0 3 1 0 1
Charriere_Noble 1763 191 34 38 0 1 0 3 0 0 0 4 7 1 1 0 1 2 2 0 1 1 0 0 4 0 0 0
Popeliniere_Daira 1760 743 114 92 2 7 4 14 5 1 0 11 12 12 4 3 15 7 3 0 0 0 0 0 2 0 0 2
Tiphaigne_Galligenes 1765 580 77 85 4 0 1 13 3 0 1 6 8 3 7 2 4 11 1 0 1 0 0 0 0 1 0 4
Chaussard_Diable 1799 1062 77 75 1 6 3 7 10 0 1 6 4 5 13 1 4 5 3 0 1 0 1 0 0 5 0 0
Rosny_Firmin 1798 550 66 78 0 5 5 7 4 0 1 10 7 2 0 2 4 8 3 1 0 2 0 0 2 1 1 1
Genlis_Chevaliers 1795 2989 382 365 13 15 9 42 35 0 0 27 30 23 27 5 31 40 16 2 1 1 2 3 20 1 6 2
Tiphaigne_Amilec 1753 272 37 44 0 0 3 2 0 0 0 0 6 2 2 0 2 8 1 0 0 0 0 0 0 0 1 0
Tressan_Jehan 1780 373 48 51 3 2 4 2 4 0 0 6 3 4 1 0 2 2 0 0 0 0 0 0 5 1 0 0
Arnaud_Sargines 1772 307 36 34 1 3 0 1 1 0 2 3 3 3 0 1 4 5 4 4 0 1 0 0 2 0 0 0
Chevrier_Magakou 1752 221 26 25 2 0 1 2 3 0 1 0 0 1 1 0 1 4 3 1 0 1 0 1 2 0 1 1
Ducray_Cinquante 1798 1006 143 135 3 7 4 12 6 1 0 13 8 5 9 1 8 12 10 5 0 5 2 0 8 2 0 4
Falconet_Debut 1770 461 64 53 3 1 7 9 11 1 0 0 1 4 2 8 1 6 3 1 0 0 0 0 2 1 0 1
PigaultLebrun_Enfant 1792 1376 113 118 5 7 1 14 6 0 1 11 15 4 2 3 7 2 6 1 3 2 0 1 4 4 2 2
Laveaux_Eusebe 1785 479 64 66 1 3 3 9 1 0 0 7 5 7 2 2 4 0 4 0 0 2 0 1 6 0 1 0
Constant_Mari 1783 550 92 86 1 4 0 12 0 2 0 8 5 11 0 4 3 2 13 2 1 0 0 2 3 0 4 5
Crebillon_Atheniennes 1771 2893 489 564 3 24 5 50 2 3 0 55 26 78 4 10 20 83 19 5 4 1 0 3 10 7 0 27
Souza_Emilie 1799 1080 174 142 7 11 8 11 8 1 3 11 10 13 12 3 13 19 2 2 1 1 1 3 7 3 1 5
Cazotte_Ollivier 1763 936 91 86 1 3 4 11 9 0 3 5 11 4 3 2 5 12 6 0 1 0 0 2 2 0 0 2
Voltaire_Songe 1756 198 23 33 1 1 0 3 5 1 1 1 0 4 0 1 2 3 0 1 0 0 0 0 0 0 0 0
Diderot_Supplement 1796 175 17 19 0 1 0 0 2 2 0 2 0 1 1 3 0 1 1 0 0 0 0 0 0 0 1 0
Duclos_Memoires 1751 581 89 102 3 12 2 9 7 1 0 0 8 11 2 1 3 15 3 1 0 0 0 2 7 0 0 1
Benouville_Pensees 1758 598 102 93 0 3 1 19 5 0 0 8 7 11 7 1 3 4 20 1 2 1 0 0 2 0 0 1
Benoist_Elisabeth 1766 1323 173 191 3 13 5 11 5 0 0 2 6 21 6 4 13 18 6 2 4 1 0 2 19 1 1 6
Berquin_Enfants 1782 521 96 94 2 4 3 12 1 0 1 5 6 7 5 1 2 3 13 0 2 0 0 0 1 2 1 3
Diderot_Oiseau 1748 283 27 38 0 1 2 3 2 0 0 5 0 2 0 1 0 1 3 0 0 1 0 0 0 0 1 1
Louvet_Annee 1787 2024 310 223 7 15 9 31 12 1 1 33 26 34 17 12 10 12 20 3 4 2 6 2 9 3 1 8
Charriere_Femmes 1795 670 95 101 3 3 0 10 9 1 0 7 6 5 13 0 1 8 4 2 0 2 1 0 2 1 1 1
Montdorge_Nadir 1769 351 30 21 1 1 0 6 3 0 1 0 1 1 3 2 3 5 2 0 2 0 0 0 0 0 0 1
Blanchard_Philetas 1800 339 53 39 3 2 1 4 7 0 0 4 1 3 3 0 3 1 1 0 0 1 0 0 7 0 0 3
Maubert_Paisan 1754 783 94 104 1 1 0 13 3 1 0 3 10 6 7 6 7 4 4 3 3 2 2 2 2 1 0 0
Diderot_Jacques 1796 1397 161 156 7 3 4 16 6 0 0 36 13 22 11 5 4 2 8 3 2 2 0 0 4 5 1 1
Duvernet_Guillaume 1781 136 18 19 1 0 0 8 1 0 0 1 0 1 1 0 0 3 1 0 0 0 0 0 0 0 1 0
Beaumont_Prince 1756 158 23 24 1 0 0 6 0 0 0 5 0 3 1 0 0 1 1 0 0 1 0 0 2 0 0 0
Anonym_Suzon 1778 539 68 84 0 4 2 11 2 0 0 3 6 3 3 2 3 8 2 0 0 1 0 1 3 2 0 0
Voltaire_Oreilles 1775 190 24 32 0 1 0 5 2 0 0 3 0 0 1 1 1 3 4 0 0 0 0 0 1 0 0 0
Louvet_Fin 1790 1173 196 147 4 4 4 19 5 2 0 18 18 20 18 15 7 14 9 3 1 3 0 0 7 0 3 3
Genlis_Emigres 1798 1778 200 304 4 7 3 21 9 1 0 30 16 13 9 7 11 16 21 4 2 1 0 0 4 4 1 1
Retif_Sara 1796 1014 181 129 3 16 5 21 8 3 1 9 12 11 6 4 13 10 4 2 1 2 2 2 23 2 2 3
AndreSerieys_Comte 1800 826 81 75 3 2 5 6 5 1 0 5 9 6 3 3 8 8 6 0 0 1 0 0 4 1 0 2
Nerciat_Aphrodites 1764 1612 206 236 1 11 2 32 10 1 1 20 13 13 8 14 11 12 16 3 6 0 1 1 7 5 2 2
Nerciat_Doctorat 1788 209 25 26 0 0 0 0 3 0 0 5 4 6 1 1 1 1 0 0 0 0 0 0 2 0 0 1
Duvernet_Retraite 1790 177 25 22 0 1 0 4 0 0 0 4 3 2 1 1 1 0 1 0 0 0 0 0 3 1 0 1
Gerard_Comte 1774 2418 291 368 5 15 6 24 27 1 0 26 18 20 7 4 20 24 18 3 3 8 1 1 19 2 6 11
Riccoboni_LettresAdelaide 1767 766 110 87 0 6 1 15 4 0 0 12 5 9 2 1 5 12 2 3 0 1 0 9 9 0 2 0
Beaumont_Clarice 1767 2153 360 367 9 21 1 35 19 7 2 34 16 21 8 15 19 38 32 10 2 4 1 11 12 10 9 12
Arnaud_Epoux 1745 1184 178 167 6 14 5 14 9 0 0 19 6 11 3 9 11 21 10 5 0 2 1 2 21 1 0 0
Saurin_Mirza 1754 371 46 54 1 2 0 4 2 0 0 1 4 7 2 1 0 2 4 0 2 0 0 0 0 2 0 1
Souza_Adele 1794 882 138 122 5 8 3 15 10 1 1 14 8 6 7 4 10 7 8 1 1 1 0 1 7 1 1 5
Rousseau_Julie 1761 4593 828 728 6 85 13 74 44 6 0 102 31 40 15 17 40 51 83 14 14 6 4 1 43 6 12 23
Voltaire_Ingenu 1767 345 46 45 5 1 2 7 2 0 0 7 4 2 1 0 3 0 0 1 2 0 1 0 4 0 0 0
Marchadier_Isle 1752 200 17 13 0 2 0 6 3 0 0 0 0 0 0 0 0 0 5 0 0 0 0 0 1 0 0 0
Riccoboni_LettresFanni 1757 527 95 70 2 4 1 21 1 0 0 10 4 6 3 2 6 7 1 1 1 0 0 2 7 1 2 2
Riccoboni_MylordRivers 1776 800 104 72 0 3 2 23 9 0 1 9 7 11 2 6 4 6 0 1 1 0 0 2 12 1 0 3
Riccoboni_LettreJuliette 1759 533 72 72 2 4 2 7 2 1 0 8 4 10 1 3 1 7 3 1 0 1 0 1 2 1 1 0
Duvernet_Devotions 1790 218 33 24 0 0 1 8 1 0 0 3 0 2 3 0 4 0 4 0 0 0 0 0 1 0 1 1
Moreau_Memoire 1757 163 26 33 0 0 1 5 3 0 0 2 2 4 1 1 4 2 1 1 0 0 0 0 0 0 0 0
Arnaud_Matinees 1798 1216 169 185 0 6 4 7 17 1 1 17 10 10 5 8 7 25 14 1 0 5 2 2 11 1 4 5
Crebillon_Nuit 1755 512 110 96 0 4 0 20 5 1 0 9 8 25 5 2 4 7 4 0 0 0 0 1 3 3 0 1
Ripault_Journee 1797 197 25 23 1 0 1 1 2 1 0 0 1 3 2 2 0 3 1 1 1 0 0 1 0 0 0 1
Dorat_Malheurs 1772 928 135 149 0 4 5 10 10 1 0 11 5 15 4 5 6 18 11 2 3 2 0 1 5 2 2 5
Bernardin_Paul 1787 814 98 107 6 4 0 8 10 3 0 7 7 14 8 3 3 3 1 1 1 0 0 7 1 2 0 2
Arnaud_Nancy 1767 228 18 30 1 1 1 1 1 0 0 3 0 1 0 0 1 2 1 0 0 1 0 0 0 1 0 0
Florian_Estelle 1788 488 67 61 3 2 2 6 6 0 2 5 3 9 3 0 1 8 10 0 3 0 0 0 6 1 0 1
Dorvigny_Tante 1800 1404 152 183 3 10 2 23 14 1 1 19 9 8 3 8 7 14 6 3 5 2 0 1 3 1 0 3
Sade_Justine 1791 1752 219 225 2 10 2 31 14 1 0 10 22 18 8 5 12 26 31 1 5 4 2 1 4 2 2 0
Charriere_Caliste 1787 483 76 77 2 3 0 8 1 1 0 8 5 3 3 2 0 2 3 1 1 1 2 0 8 0 1 1
Marmontel_Dejeunes 1791 229 37 38 1 0 1 4 1 0 0 3 1 4 3 1 1 5 0 0 1 0 0 1 2 1 0 0
Voltaire_Micromegas 1752 169 24 40 0 0 0 3 1 0 0 2 4 2 1 0 1 0 2 0 0 0 0 0 1 0 0 0
Boufflers_Reine 1760 134 17 15 0 0 0 6 0 0 0 4 1 0 0 1 1 1 0 0 0 0 0 0 0 0 0 0
Voltaire_Consoles 1756 95 9 12 0 0 0 1 0 0 0 1 2 0 1 0 0 0 2 1 0 0 0 0 1 0 0 0
Prevost_Monde 1760 2150 288 252 10 12 3 13 22 5 0 9 25 24 16 18 16 37 5 14 1 3 1 6 5 9 5 9
Retif_Paysanne 1784 2964 589 508 24 18 10 54 13 2 2 76 14 57 28 12 21 37 42 7 5 0 3 1 37 9 4 6
